10007,Volkswagen,Golf III / GTI,1993,4,Regular,18,26,21,423.1904762,15.69571429,2,Front-Wheel Drive,Automatic 4-spd
10008,Volkswagen,Golf III / GTI,1993,4,Regular,21,29,24,370.2916667,13.73375,2,Front-Wheel Drive,Manual 5-spd
10009,Volkswagen,Jetta III,1993,4,Regular,18,26,21,423.1904762,15.69571429,2,Front-Wheel Drive,Automatic 4-spd
10010,Volkswagen,Jetta III,1993,4,Regular,20,28,23,386.3913043,14.33086957,2,Front-Wheel Drive,Manual 5-spd
10094,Volkswagen,Passat,1993,4,Regular,18,26,21,423.1904762,15.69571429,2,Front-Wheel Drive,Automatic 4-spd
10095,Volkswagen,Passat,1993,4,Regular,18,28,22,403.9545455,14.98227273,2,Front-Wheel Drive,Manual 5-spd
10096,Volkswagen,Passat,1993,6,Regular,15,22,18,493.7222222,18.31166667,2.8,Front-Wheel Drive,Automatic 4-spd
10097,Volkswagen,Passat,1993,6,Regular,17,25,20,444.35,16.4805,2.8,Front-Wheel Drive,Manual 5-spd
10203,Volkswagen,Passat Wagon,1993,4,Regular,18,26,21,423.1904762,15.69571429,2,Front-Wheel Drive,Automatic 4-spd
10204,Volkswagen,Passat Wagon,1993,4,Regular,18,28,22,403.9545455,14.98227273,2,Front-Wheel Drive,Manual 5-spd
10205,Volkswagen,Passat Wagon,1993,6,Regular,15,22,18,493.7222222,18.31166667,2.8,Front-Wheel Drive,Automatic 4-spd
10206,Volkswagen,Passat Wagon,1993,6,Regular,17,25,20,444.35,16.4805,2.8,Front-Wheel Drive,Manual 5-spd
1030,Volkswagen,Vanagon 2WD,1985,4,Regular,15,17,16,555.4375,20.600625,1.9,Rear-Wheel Drive,Automatic 3-spd
1031,Volkswagen,Vanagon 2WD,1985,4,Regular,16,18,17,522.7647059,19.38882353,1.9,Rear-Wheel Drive,Manual 4-spd
10482,Volkswagen,Eurovan,1993,5,Regular,15,18,16,555.4375,20.600625,2.5,Front-Wheel Drive,Automatic 4-spd
10483,Volkswagen,Eurovan,1993,5,Regular,15,20,17,522.7647059,19.38882353,2.5,Front-Wheel Drive,Manual 5-spd
10841,Volkswagen,Corrado SLC,1994,6,Regular,16,23,19,467.7368421,17.34789474,2.8,Front-Wheel Drive,Automatic 4-spd
10842,Volkswagen,Corrado SLC,1994,6,Regular,16,22,19,467.7368421,17.34789474,2.8,Front-Wheel Drive,Manual 5-spd
10978,Volkswagen,Golf III,1994,4,Regular,18,26,21,423.1904762,15.69571429,2,Front-Wheel Drive,Automatic 4-spd
10979,Volkswagen,Golf III,1994,4,Regular,21,29,24,370.2916667,13.73375,2,Front-Wheel Drive,Manual 5-spd
10980,Volkswagen,Jetta III,1994,4,Regular,18,25,21,423.1904762,15.69571429,2,Front-Wheel Drive,Automatic 4-spd
10981,Volkswagen,Jetta III,1994,4,Regular,21,28,23,386.3913043,14.33086957,2,Front-Wheel Drive,Manual 5-spd
10982,Volkswagen,Jetta III GLX,1994,6,Regular,16,23,19,467.7368421,17.34789474,2.8,Front-Wheel Drive,Manual 5-spd
10983,Volkswagen,Passat,1994,6,Regular,16,23,18,493.7222222,18.31166667,2.8,Front-Wheel Drive,Automatic 4-spd
10984,Volkswagen,Passat,1994,6,Regular,16,23,18,493.7222222,18.31166667,2.8,Front-Wheel Drive,Manual 5-spd
11158,Volkswagen,Passat Wagon,1994,6,Regular,16,23,18,493.7222222,18.31166667,2.8,Front-Wheel Drive,Automatic 4-spd
11159,Volkswagen,Passat Wagon,1994,6,Regular,16,23,18,493.7222222,18.31166667,2.8,Front-Wheel Drive,Manual 5-spd
11783,Volkswagen,Cabrio,1995,4,Regular,19,26,22,403.9545455,14.98227273,2,Front-Wheel Drive,Automatic 4-spd
11784,Volkswagen,Cabrio,1995,4,Regular,21,28,24,370.2916667,13.73375,2,Front-Wheel Drive,Manual 5-spd
11927,Volkswagen,Golf III,1995,4,Regular,20,26,22,403.9545455,14.98227273,2,Front-Wheel Drive,Automatic 4-spd
11928,Volkswagen,Golf III,1995,4,Regular,21,29,24,370.2916667,13.73375,2,Front-Wheel Drive,Manual 5-spd
11929,Volkswagen,GTI VR6,1995,6,Regular,17,23,19,467.7368421,17.34789474,2.8,Front-Wheel Drive,Manual 5-spd
11930,Volkswagen,Jetta III,1995,4,Regular,20,26,22,403.9545455,14.98227273,2,Front-Wheel Drive,Automatic 4-spd
11931,Volkswagen,Jetta III,1995,4,Regular,21,29,24,370.2916667,13.73375,2,Front-Wheel Drive,Manual 5-spd
11932,Volkswagen,Jetta III GLX,1995,6,Regular,16,23,18,493.7222222,18.31166667,2.8,Front-Wheel Drive,Automatic 4-spd
11933,Volkswagen,Jetta III GLX,1995,6,Regular,17,23,19,467.7368421,17.34789474,2.8,Front-Wheel Drive,Manual 5-spd
12004,Volkswagen,Passat,1995,4,Regular,18,25,20,444.35,16.4805,2,Front-Wheel Drive,Automatic 4-spd
12005,Volkswagen,Passat,1995,4,Regular,18,27,21,423.1904762,15.69571429,2,Front-Wheel Drive,Manual 5-spd
12006,Volkswagen,Passat,1995,6,Regular,16,23,18,493.7222222,18.31166667,2.8,Front-Wheel Drive,Automatic 4-spd
12007,Volkswagen,Passat,1995,6,Regular,16,23,19,467.7368421,17.34789474,2.8,Front-Wheel Drive,Manual 5-spd
12127,Volkswagen,Passat Wagon,1995,6,Regular,16,23,18,493.7222222,18.31166667,2.8,Front-Wheel Drive,Automatic 4-spd
12128,Volkswagen,Passat Wagon,1995,6,Regular,16,23,19,467.7368421,17.34789474,2.8,Front-Wheel Drive,Manual 5-spd
12387,Volkswagen,Eurovan Camper,1995,5,Regular,14,17,15,592.4666667,21.974,2.5,Front-Wheel Drive,Automatic 4-spd
12388,Volkswagen,Eurovan Camper,1995,5,Regular,14,17,15,592.4666667,21.974,2.5,Front-Wheel Drive,Manual 5-spd
12671,Volkswagen,Cabrio,1996,4,Regular,19,26,22,403.9545455,14.98227273,2,Front-Wheel Drive,Automatic 4-spd
12672,Volkswagen,Cabrio,1996,4,Regular,20,28,23,386.3913043,14.33086957,2,Front-Wheel Drive,Manual 5-spd
12791,Volkswagen,Golf/GTI,1996,4,Diesel,34,44,38,267.8947368,10.0575,1.9,Front-Wheel Drive,Manual 5-spd
12792,Volkswagen,Golf/GTI,1996,4,Regular,19,26,22,403.9545455,14.98227273,2,Front-Wheel Drive,Automatic 4-spd
12793,Volkswagen,Golf/GTI,1996,4,Regular,20,28,23,386.3913043,14.33086957,2,Front-Wheel Drive,Manual 5-spd
12794,Volkswagen,GTI VR6,1996,6,Regular,17,24,19,467.7368421,17.34789474,2.8,Front-Wheel Drive,Manual 5-spd
12795,Volkswagen,Jetta,1996,4,Diesel,34,44,38,267.8947368,10.0575,1.9,Front-Wheel Drive,Manual 5-spd
12796,Volkswagen,Jetta,1996,4,Regular,19,26,22,403.9545455,14.98227273,2,Front-Wheel Drive,Automatic 4-spd
12797,Volkswagen,Jetta,1996,4,Regular,20,28,23,386.3913043,14.33086957,2,Front-Wheel Drive,Manual 5-spd
12798,Volkswagen,Jetta GLX,1996,6,Regular,16,23,19,467.7368421,17.34789474,2.8,Front-Wheel Drive,Automatic 4-spd
12799,Volkswagen,Jetta GLX,1996,6,Regular,17,24,19,467.7368421,17.34789474,2.8,Front-Wheel Drive,Manual 5-spd
12860,Volkswagen,Passat,1996,4,Diesel,31,41,35,290.8571429,10.91957143,1.9,Front-Wheel Drive,Manual 5-spd
12861,Volkswagen,Passat,1996,4,Regular,18,25,20,444.35,16.4805,2,Front-Wheel Drive,Automatic 4-spd
12862,Volkswagen,Passat,1996,4,Regular,18,26,21,423.1904762,15.69571429,2,Front-Wheel Drive,Manual 5-spd
12863,Volkswagen,Passat,1996,6,Regular,16,23,18,493.7222222,18.31166667,2.8,Front-Wheel Drive,Automatic 4-spd
12864,Volkswagen,Passat,1996,6,Regular,17,24,19,467.7368421,17.34789474,2.8,Front-Wheel Drive,Manual 5-spd
12942,Volkswagen,Passat Wagon,1996,4,Diesel,31,41,35,290.8571429,10.91957143,1.9,Front-Wheel Drive,Manual 5-spd
12943,Volkswagen,Passat Wagon,1996,6,Regular,16,23,18,493.7222222,18.31166667,2.8,Front-Wheel Drive,Automatic 4-spd
12944,Volkswagen,Passat Wagon,1996,6,Regular,17,24,19,467.7368421,17.34789474,2.8,Front-Wheel Drive,Manual 5-spd
13419,Volkswagen,Cabrio,1997,4,Regular,19,26,22,403.9545455,14.98227273,2,Front-Wheel Drive,Automatic 4-spd
13420,Volkswagen,Cabrio,1997,4,Regular,21,29,24,370.2916667,13.73375,2,Front-Wheel Drive,Manual 5-spd
13527,Volkswagen,Golf/GTI,1997,4,Diesel,33,44,37,275.1351351,10.32932432,1.9,Front-Wheel Drive,Manual 5-spd
13528,Volkswagen,Golf/GTI,1997,4,Regular,19,26,22,403.9545455,14.98227273,2,Front-Wheel Drive,Automatic 4-spd
13529,Volkswagen,Golf/GTI,1997,4,Regular,21,29,24,370.2916667,13.73375,2,Front-Wheel Drive,Manual 5-spd
13530,Volkswagen,GTI VR6,1997,6,Regular,17,23,19,467.7368421,17.34789474,2.8,Front-Wheel Drive,Manual 5-spd
13531,Volkswagen,Jetta,1997,4,Diesel,33,44,37,275.1351351,10.32932432,1.9,Front-Wheel Drive,Manual 5-spd
13532,Volkswagen,Jetta,1997,4,Regular,19,26,22,403.9545455,14.98227273,2,Front-Wheel Drive,Automatic 4-spd
13533,Volkswagen,Jetta,1997,4,Regular,21,29,24,370.2916667,13.73375,2,Front-Wheel Drive,Manual 5-spd
13534,Volkswagen,Jetta GLX,1997,6,Regular,16,23,19,467.7368421,17.34789474,2.8,Front-Wheel Drive,Automatic 4-spd
13535,Volkswagen,Jetta GLX,1997,6,Regular,17,23,19,467.7368421,17.34789474,2.8,Front-Wheel Drive,Manual 5-spd
13609,Volkswagen,Passat,1997,4,Diesel,32,42,36,282.7777778,10.61625,1.9,Front-Wheel Drive,Manual 5-spd
13610,Volkswagen,Passat,1997,6,Regular,16,23,18,493.7222222,18.31166667,2.8,Front-Wheel Drive,Automatic 4-spd
13611,Volkswagen,Passat,1997,6,Regular,17,24,19,467.7368421,17.34789474,2.8,Front-Wheel Drive,Manual 5-spd
13683,Volkswagen,Passat Wagon,1997,4,Diesel,32,42,36,282.7777778,10.61625,1.9,Front-Wheel Drive,Manual 5-spd
13684,Volkswagen,Passat Wagon,1997,6,Regular,16,23,18,493.7222222,18.31166667,2.8,Front-Wheel Drive,Automatic 4-spd
13685,Volkswagen,Passat Wagon,1997,6,Regular,17,24,19,467.7368421,17.34789474,2.8,Front-Wheel Drive,Manual 5-spd
13854,Volkswagen,Eurovan Camper,1997,6,Regular,13,17,14,634.7857143,23.54357143,2.8,Front-Wheel Drive,Automatic 4-spd
14154,Volkswagen,Cabrio,1998,4,Regular,19,26,22,403.9545455,14.98227273,2,Front-Wheel Drive,Automatic 4-spd
14155,Volkswagen,Cabrio,1998,4,Regular,21,28,24,370.2916667,13.73375,2,Front-Wheel Drive,Manual 5-spd
14156,Volkswagen,New Beetle,1998,4,Diesel,29,39,33,308.4848485,11.58136364,1.9,Front-Wheel Drive,Automatic 4-spd
14157,Volkswagen,New Beetle,1998,4,Diesel,34,43,38,267.8947368,10.0575,1.9,Front-Wheel Drive,Manual 5-spd
14158,Volkswagen,New Beetle,1998,4,Regular,19,24,21,423.1904762,15.69571429,2,Front-Wheel Drive,Automatic 4-spd
14159,Volkswagen,New Beetle,1998,4,Regular,20,27,23,386.3913043,14.33086957,2,Front-Wheel Drive,Manual 5-spd
14266,Volkswagen,Golf/GTI,1998,4,Regular,19,26,22,403.9545455,14.98227273,2,Front-Wheel Drive,Automatic 4-spd
14267,Volkswagen,Golf/GTI,1998,4,Regular,21,28,24,370.2916667,13.73375,2,Front-Wheel Drive,Manual 5-spd
14268,Volkswagen,GTI VR6,1998,6,Regular,17,24,19,467.7368421,17.34789474,2.8,Front-Wheel Drive,Manual 5-spd
14269,Volkswagen,Jetta,1998,4,Diesel,33,44,37,275.1351351,10.32932432,1.9,Front-Wheel Drive,Manual 5-spd
14270,Volkswagen,Jetta,1998,4,Regular,19,26,22,403.9545455,14.98227273,2,Front-Wheel Drive,Automatic 4-spd
14271,Volkswagen,Jetta,1998,4,Regular,21,28,24,370.2916667,13.73375,2,Front-Wheel Drive,Manual 5-spd
14272,Volkswagen,Jetta GLX,1998,6,Regular,16,23,19,467.7368421,17.34789474,2.8,Front-Wheel Drive,Automatic 4-spd
14273,Volkswagen,Jetta GLX,1998,6,Regular,17,24,19,467.7368421,17.34789474,2.8,Front-Wheel Drive,Manual 5-spd
14363,Volkswagen,Passat,1998,4,Premium,18,28,22,403.9545455,14.98227273,1.8,Front-Wheel Drive,Automatic 5-spd
14364,Volkswagen,Passat,1998,4,Premium,20,29,24,370.2916667,13.73375,1.8,Front-Wheel Drive,Manual 5-spd
14365,Volkswagen,Passat,1998,4,Diesel,27,39,31,328.3870968,12.32854839,1.9,Front-Wheel Drive,Automatic 4-spd
14366,Volkswagen,Passat,1998,4,Diesel,32,45,37,275.1351351,10.32932432,1.9,Front-Wheel Drive,Manual 5-spd
14367,Volkswagen,Passat,1998,6,Premium,16,26,19,467.7368421,17.34789474,2.8,Front-Wheel Drive,Automatic 5-spd
14368,Volkswagen,Passat,1998,6,Premium,18,26,21,423.1904762,15.69571429,2.8,Front-Wheel Drive,Manual 5-spd
14369,Volkswagen,Passat Syncro,1998,6,Premium,15,24,18,493.7222222,18.31166667,2.8,4-Wheel or All-Wheel Drive,Automatic 5-spd
14443,Volkswagen,Passat Wagon,1998,4,Premium,18,28,22,403.9545455,14.98227273,1.8,Front-Wheel Drive,Automatic 5-spd
14444,Volkswagen,Passat Wagon,1998,4,Premium,20,29,24,370.2916667,13.73375,1.8,Front-Wheel Drive,Manual 5-spd
14445,Volkswagen,Passat Wagon,1998,4,Diesel,27,39,31,328.3870968,12.32854839,1.9,Front-Wheel Drive,Automatic 4-spd
14446,Volkswagen,Passat Wagon,1998,4,Diesel,32,45,37,275.1351351,10.32932432,1.9,Front-Wheel Drive,Manual 5-spd
14447,Volkswagen,Passat Wagon Syncro,1998,6,Premium,15,24,18,493.7222222,18.31166667,2.8,4-Wheel or All-Wheel Drive,Automatic 5-spd
14935,Volkswagen,Cabrio,1999,4,Regular,19,26,22,403.9545455,14.98227273,2,Front-Wheel Drive,Automatic 4-spd
14936,Volkswagen,Cabrio,1999,4,Regular,21,28,24,370.2916667,13.73375,2,Front-Wheel Drive,Manual 5-spd
14937,Volkswagen,New Beetle,1999,4,Diesel,29,40,33,308.4848485,11.58136364,1.9,Front-Wheel Drive,Automatic 4-spd
14938,Volkswagen,New Beetle,1999,4,Diesel,35,44,38,267.8947368,10.0575,1.9,Front-Wheel Drive,Manual 5-spd
14939,Volkswagen,New Beetle,1999,4,Regular,20,26,22,403.9545455,14.98227273,2,Front-Wheel Drive,Automatic 4-spd
14940,Volkswagen,New Beetle,1999,4,Regular,21,28,24,370.2916667,13.73375,2,Front-Wheel Drive,Manual 5-spd
15043,Volkswagen,Golf,1999,4,Regular,19,26,22,403.9545455,14.98227273,2,Front-Wheel Drive,Automatic 4-spd
15044,Volkswagen,Golf,1999,4,Regular,21,28,24,370.2916667,13.73375,2,Front-Wheel Drive,Manual 5-spd
15045,Volkswagen,GTI,1999,4,Regular,19,26,22,403.9545455,14.98227273,2,Front-Wheel Drive,Automatic 4-spd
15046,Volkswagen,GTI,1999,4,Regular,21,29,24,370.2916667,13.73375,2,Front-Wheel Drive,Manual 5-spd
15047,Volkswagen,GTI,1999,6,Regular,17,24,19,467.7368421,17.34789474,2.8,Front-Wheel Drive,Manual 5-spd
15048,Volkswagen,Jetta,1999,4,Diesel,33,44,37,275.1351351,10.32932432,1.9,Front-Wheel Drive,Manual 5-spd
15049,Volkswagen,Jetta,1999,4,Regular,19,26,22,403.9545455,14.98227273,2,Front-Wheel Drive,Automatic 4-spd
15050,Volkswagen,Jetta,1999,4,Regular,21,28,24,370.2916667,13.73375,2,Front-Wheel Drive,Manual 5-spd
15051,Volkswagen,Jetta,1999,6,Regular,16,23,19,467.7368421,17.34789474,2.8,Front-Wheel Drive,Automatic 4-spd
15052,Volkswagen,Jetta,1999,6,Regular,17,24,19,467.7368421,17.34789474,2.8,Front-Wheel Drive,Manual 5-spd
15053,Volkswagen,New Golf,1999,4,Diesel,29,40,33,308.4848485,11.58136364,1.9,Front-Wheel Drive,Automatic 4-spd
15054,Volkswagen,New Golf,1999,4,Diesel,35,44,38,267.8947368,10.0575,1.9,Front-Wheel Drive,Manual 5-spd
15055,Volkswagen,New Golf,1999,4,Regular,20,26,22,403.9545455,14.98227273,2,Front-Wheel Drive,Automatic 4-spd
15056,Volkswagen,New Golf,1999,4,Regular,21,28,24,370.2916667,13.73375,2,Front-Wheel Drive,Manual 5-spd
15057,Volkswagen,New GTI,1999,4,Regular,20,26,22,403.9545455,14.98227273,2,Front-Wheel Drive,Automatic 4-spd
15058,Volkswagen,New GTI,1999,4,Regular,21,28,24,370.2916667,13.73375,2,Front-Wheel Drive,Manual 5-spd
15059,Volkswagen,New GTI,1999,6,Regular,18,26,21,423.1904762,15.69571429,2.8,Front-Wheel Drive,Manual 5-spd
15060,Volkswagen,New Jetta,1999,4,Diesel,29,40,33,308.4848485,11.58136364,1.9,Front-Wheel Drive,Automatic 4-spd
15061,Volkswagen,New Jetta,1999,4,Diesel,35,44,38,267.8947368,10.0575,1.9,Front-Wheel Drive,Manual 5-spd
15062,Volkswagen,New Jetta,1999,4,Regular,20,26,22,403.9545455,14.98227273,2,Front-Wheel Drive,Automatic 4-spd
15063,Volkswagen,New Jetta,1999,4,Regular,21,28,24,370.2916667,13.73375,2,Front-Wheel Drive,Manual 5-spd
15064,Volkswagen,New Jetta,1999,6,Regular,17,24,19,467.7368421,17.34789474,2.8,Front-Wheel Drive,Automatic 4-spd
15065,Volkswagen,New Jetta,1999,6,Regular,17,26,20,444.35,16.4805,2.8,Front-Wheel Drive,Manual 5-spd
15159,Volkswagen,Passat,1999,4,Premium,18,28,22,403.9545455,14.98227273,1.8,Front-Wheel Drive,Automatic 5-spd
15160,Volkswagen,Passat,1999,4,Premium,20,29,24,370.2916667,13.73375,1.8,Front-Wheel Drive,Manual 5-spd
15161,Volkswagen,Passat,1999,6,Premium,16,26,19,467.7368421,17.34789474,2.8,Front-Wheel Drive,Automatic 5-spd
15162,Volkswagen,Passat,1999,6,Premium,18,26,21,423.1904762,15.69571429,2.8,Front-Wheel Drive,Manual 5-spd
15163,Volkswagen,Passat Syncro,1999,6,Premium,15,24,18,493.7222222,18.31166667,2.8,4-Wheel or All-Wheel Drive,Automatic 5-spd
15241,Volkswagen,Passat Wagon,1999,4,Premium,18,28,22,403.9545455,14.98227273,1.8,Front-Wheel Drive,Automatic 5-spd
15242,Volkswagen,Passat Wagon,1999,4,Premium,20,29,24,370.2916667,13.73375,1.8,Front-Wheel Drive,Manual 5-spd
15243,Volkswagen,Passat Wagon,1999,6,Premium,16,26,19,467.7368421,17.34789474,2.8,Front-Wheel Drive,Automatic 5-spd
15244,Volkswagen,Passat Wagon,1999,6,Premium,18,26,21,423.1904762,15.69571429,2.8,Front-Wheel Drive,Manual 5-spd
15245,Volkswagen,Passat Wagon Syncro,1999,6,Premium,15,24,18,493.7222222,18.31166667,2.8,4-Wheel or All-Wheel Drive,Automatic 5-spd
15410,Volkswagen,Eurovan Camper,1999,6,Regular,13,17,14,634.7857143,23.54357143,2.8,Front-Wheel Drive,Automatic 4-spd
15438,Volkswagen,Eurovan,1999,6,Regular,13,18,15,592.4666667,21.974,2.8,Front-Wheel Drive,Automatic 4-spd
15731,Volkswagen,Cabrio,2000,4,Regular,19,26,22,403.9545455,14.98227273,2,Front-Wheel Drive,Automatic 4-spd
15732,Volkswagen,Cabrio,2000,4,Regular,21,28,24,370.2916667,13.73375,2,Front-Wheel Drive,Manual 5-spd
15733,Volkswagen,New Beetle,2000,4,Premium,19,25,22,403.9545455,14.98227273,1.8,Front-Wheel Drive,Automatic 4-spd
15734,Volkswagen,New Beetle,2000,4,Premium,22,28,24,370.2916667,13.73375,1.8,Front-Wheel Drive,Manual 5-spd
15735,Volkswagen,New Beetle,2000,4,Diesel,29,40,33,308.4848485,11.58136364,1.9,Front-Wheel Drive,Automatic 4-spd
15736,Volkswagen,New Beetle,2000,4,Diesel,35,44,38,267.8947368,10.0575,1.9,Front-Wheel Drive,Manual 5-spd
15737,Volkswagen,New Beetle,2000,4,Regular,19,26,22,403.9545455,14.98227273,2,Front-Wheel Drive,Automatic 4-spd
15738,Volkswagen,New Beetle,2000,4,Regular,21,28,24,370.2916667,13.73375,2,Front-Wheel Drive,Manual 5-spd
15848,Volkswagen,Golf,2000,4,Premium,19,26,22,403.9545455,14.98227273,1.8,Front-Wheel Drive,Automatic 4-spd
15849,Volkswagen,Golf,2000,4,Premium,21,28,24,370.2916667,13.73375,1.8,Front-Wheel Drive,Manual 5-spd
15850,Volkswagen,Golf,2000,4,Diesel,29,40,33,308.4848485,11.58136364,1.9,Front-Wheel Drive,Automatic 4-spd
15851,Volkswagen,Golf,2000,4,Diesel,35,44,38,267.8947368,10.0575,1.9,Front-Wheel Drive,Manual 5-spd
15852,Volkswagen,Golf,2000,4,Regular,19,26,22,403.9545455,14.98227273,2,Front-Wheel Drive,Automatic 4-spd
15853,Volkswagen,Golf,2000,4,Regular,21,28,24,370.2916667,13.73375,2,Front-Wheel Drive,Manual 5-spd
15854,Volkswagen,GTI,2000,4,Premium,19,26,22,403.9545455,14.98227273,1.8,Front-Wheel Drive,Automatic 4-spd
15855,Volkswagen,GTI,2000,4,Premium,21,28,24,370.2916667,13.73375,1.8,Front-Wheel Drive,Manual 5-spd
15856,Volkswagen,GTI,2000,4,Regular,19,26,22,403.9545455,14.98227273,2,Front-Wheel Drive,Automatic 4-spd
15857,Volkswagen,GTI,2000,4,Regular,21,28,24,370.2916667,13.73375,2,Front-Wheel Drive,Manual 5-spd
15858,Volkswagen,GTI,2000,6,Regular,18,26,21,423.1904762,15.69571429,2.8,Front-Wheel Drive,Manual 5-spd
15859,Volkswagen,Jetta,2000,4,Premium,19,26,22,403.9545455,14.98227273,1.8,Front-Wheel Drive,Automatic 4-spd
15860,Volkswagen,Jetta,2000,4,Premium,21,28,24,370.2916667,13.73375,1.8,Front-Wheel Drive,Manual 5-spd
15861,Volkswagen,Jetta,2000,4,Diesel,29,40,33,308.4848485,11.58136364,1.9,Front-Wheel Drive,Automatic 4-spd
15862,Volkswagen,Jetta,2000,4,Diesel,35,44,38,267.8947368,10.0575,1.9,Front-Wheel Drive,Manual 5-spd
15863,Volkswagen,Jetta,2000,4,Regular,19,26,22,403.9545455,14.98227273,2,Front-Wheel Drive,Automatic 4-spd
15864,Volkswagen,Jetta,2000,4,Regular,21,28,24,370.2916667,13.73375,2,Front-Wheel Drive,Manual 5-spd
15865,Volkswagen,Jetta,2000,6,Regular,17,24,19,467.7368421,17.34789474,2.8,Front-Wheel Drive,Automatic 4-spd
15866,Volkswagen,Jetta,2000,6,Regular,17,26,20,444.35,16.4805,2.8,Front-Wheel Drive,Manual 5-spd
15968,Volkswagen,Passat,2000,4,Premium,18,27,21,423.1904762,15.69571429,1.8,Front-Wheel Drive,Automatic 5-spd
15969,Volkswagen,Passat,2000,4,Premium,21,29,24,370.2916667,13.73375,1.8,Front-Wheel Drive,Manual 5-spd
15970,Volkswagen,Passat,2000,6,Premium,16,24,19,467.7368421,17.34789474,2.8,Front-Wheel Drive,Automatic 5-spd
15971,Volkswagen,Passat,2000,6,Premium,18,26,21,423.1904762,15.69571429,2.8,Front-Wheel Drive,Manual 5-spd
15972,Volkswagen,Passat 4motion,2000,6,Premium,15,22,18,493.7222222,18.31166667,2.8,4-Wheel or All-Wheel Drive,Automatic 5-spd
16053,Volkswagen,Passat Wagon,2000,4,Premium,18,27,21,423.1904762,15.69571429,1.8,Front-Wheel Drive,Automatic 5-spd
16054,Volkswagen,Passat Wagon,2000,4,Premium,21,29,24,370.2916667,13.73375,1.8,Front-Wheel Drive,Manual 5-spd
16055,Volkswagen,Passat Wagon,2000,6,Premium,16,24,19,467.7368421,17.34789474,2.8,Front-Wheel Drive,Automatic 5-spd
16056,Volkswagen,Passat Wagon,2000,6,Premium,18,26,21,423.1904762,15.69571429,2.8,Front-Wheel Drive,Manual 5-spd
16057,Volkswagen,Passat Wagon 4motion,2000,6,Premium,15,22,18,493.7222222,18.31166667,2.8,4-Wheel or All-Wheel Drive,Automatic 5-spd
1618,Volkswagen,Vanagon 2WD,1985,4,Regular,14,17,15,592.4666667,21.974,1.9,Rear-Wheel Drive,Automatic 3-spd
1619,Volkswagen,Vanagon 2WD,1985,4,Regular,15,18,16,555.4375,20.600625,1.9,Rear-Wheel Drive,Manual 4-spd
16214,Volkswagen,Eurovan Camper,2000,6,Regular,13,17,14,634.7857143,23.54357143,2.8,Front-Wheel Drive,Automatic 4-spd
16238,Volkswagen,Eurovan,2000,6,Regular,13,18,15,592.4666667,21.974,2.8,Front-Wheel Drive,Automatic 4-spd
16562,Volkswagen,Cabrio,2001,4,Regular,20,26,22,403.9545455,14.98227273,2,Front-Wheel Drive,Automatic 4-spd
16563,Volkswagen,Cabrio,2001,4,Regular,21,28,24,370.2916667,13.73375,2,Front-Wheel Drive,Manual 5-spd
16564,Volkswagen,New Beetle,2001,4,Premium,20,26,22,403.9545455,14.98227273,1.8,Front-Wheel Drive,Automatic 4-spd
16565,Volkswagen,New Beetle,2001,4,Premium,22,28,24,370.2916667,13.73375,1.8,Front-Wheel Drive,Manual 5-spd
16566,Volkswagen,New Beetle,2001,4,Diesel,29,40,33,308.4848485,11.58136364,1.9,Front-Wheel Drive,Automatic 4-spd
16567,Volkswagen,New Beetle,2001,4,Diesel,35,44,38,267.8947368,10.0575,1.9,Front-Wheel Drive,Manual 5-spd
16568,Volkswagen,New Beetle,2001,4,Regular,20,26,22,403.9545455,14.98227273,2,Front-Wheel Drive,Automatic 4-spd
16569,Volkswagen,New Beetle,2001,4,Regular,21,28,24,370.2916667,13.73375,2,Front-Wheel Drive,Manual 5-spd
16706,Volkswagen,Golf,2001,4,Premium,20,26,22,403.9545455,14.98227273,1.8,Front-Wheel Drive,Automatic 4-spd
16707,Volkswagen,Golf,2001,4,Premium,22,28,24,370.2916667,13.73375,1.8,Front-Wheel Drive,Manual 5-spd
16708,Volkswagen,Golf,2001,4,Diesel,29,40,33,308.4848485,11.58136364,1.9,Front-Wheel Drive,Automatic 4-spd
16709,Volkswagen,Golf,2001,4,Diesel,35,44,38,267.8947368,10.0575,1.9,Front-Wheel Drive,Manual 5-spd
16710,Volkswagen,Golf,2001,4,Regular,20,26,22,403.9545455,14.98227273,2,Front-Wheel Drive,Automatic 4-spd
16711,Volkswagen,Golf,2001,4,Regular,21,28,24,370.2916667,13.73375,2,Front-Wheel Drive,Manual 5-spd
16712,Volkswagen,GTI,2001,4,Premium,20,26,22,403.9545455,14.98227273,1.8,Front-Wheel Drive,Automatic 4-spd
16713,Volkswagen,GTI,2001,4,Premium,22,28,24,370.2916667,13.73375,1.8,Front-Wheel Drive,Manual 5-spd
16714,Volkswagen,GTI,2001,6,Regular,18,26,21,423.1904762,15.69571429,2.8,Front-Wheel Drive,Manual 5-spd
16715,Volkswagen,Jetta,2001,4,Premium,20,26,22,403.9545455,14.98227273,1.8,Front-Wheel Drive,Automatic 4-spd
16716,Volkswagen,Jetta,2001,4,Premium,22,28,24,370.2916667,13.73375,1.8,Front-Wheel Drive,Manual 5-spd
16717,Volkswagen,Jetta,2001,4,Diesel,29,40,33,308.4848485,11.58136364,1.9,Front-Wheel Drive,Automatic 4-spd
16718,Volkswagen,Jetta,2001,4,Diesel,35,44,38,267.8947368,10.0575,1.9,Front-Wheel Drive,Manual 5-spd
16719,Volkswagen,Jetta,2001,4,Regular,20,26,22,403.9545455,14.98227273,2,Front-Wheel Drive,Automatic 4-spd
16720,Volkswagen,Jetta,2001,4,Regular,21,28,24,370.2916667,13.73375,2,Front-Wheel Drive,Manual 5-spd
16721,Volkswagen,Jetta,2001,6,Regular,17,24,19,467.7368421,17.34789474,2.8,Front-Wheel Drive,Automatic 4-spd
16722,Volkswagen,Jetta,2001,6,Regular,17,26,20,444.35,16.4805,2.8,Front-Wheel Drive,Manual 5-spd
16723,Volkswagen,Passat 4motion,2001,6,Premium,15,22,18,493.7222222,18.31166667,2.8,4-Wheel or All-Wheel Drive,Automatic 5-spd
16832,Volkswagen,Passat,2001,4,Premium,18,27,21,423.1904762,15.69571429,1.8,Front-Wheel Drive,Automatic 5-spd
16833,Volkswagen,Passat,2001,4,Premium,20,29,23,386.3913043,14.33086957,1.8,Front-Wheel Drive,Manual 5-spd
16834,Volkswagen,Passat,2001,6,Premium,16,24,19,467.7368421,17.34789474,2.8,Front-Wheel Drive,Automatic 5-spd
16835,Volkswagen,Passat,2001,6,Premium,18,26,21,423.1904762,15.69571429,2.8,Front-Wheel Drive,Manual 5-spd
16892,Volkswagen,Jetta Wagon,2001,4,Regular,20,26,22,403.9545455,14.98227273,2,Front-Wheel Drive,Automatic 4-spd
16893,Volkswagen,Jetta Wagon,2001,4,Regular,21,29,24,370.2916667,13.73375,2,Front-Wheel Drive,Manual 5-spd
16894,Volkswagen,Jetta Wagon,2001,6,Regular,17,24,19,467.7368421,17.34789474,2.8,Front-Wheel Drive,Automatic 4-spd
16895,Volkswagen,Jetta Wagon,2001,6,Regular,17,26,20,444.35,16.4805,2.8,Front-Wheel Drive,Manual 5-spd
16921,Volkswagen,Passat Wagon,2001,4,Premium,18,27,21,423.1904762,15.69571429,1.8,Front-Wheel Drive,Automatic 5-spd
16922,Volkswagen,Passat Wagon,2001,4,Premium,20,29,23,386.3913043,14.33086957,1.8,Front-Wheel Drive,Manual 5-spd
16923,Volkswagen,Passat Wagon,2001,6,Premium,16,24,19,467.7368421,17.34789474,2.8,Front-Wheel Drive,Automatic 5-spd
16924,Volkswagen,Passat Wagon,2001,6,Premium,18,26,21,423.1904762,15.69571429,2.8,Front-Wheel Drive,Manual 5-spd
16925,Volkswagen,Passat Wagon 4motion,2001,6,Premium,15,22,18,493.7222222,18.31166667,2.8,4-Wheel or All-Wheel Drive,Automatic 5-spd
17085,Volkswagen,Eurovan Camper,2001,6,Regular,14,18,16,555.4375,20.600625,2.8,Front-Wheel Drive,Automatic 4-spd
17103,Volkswagen,Eurovan,2001,6,Regular,15,18,16,555.4375,20.600625,2.8,Front-Wheel Drive,Automatic 4-spd
1743,Volkswagen,Cabriolet,1986,4,Regular,20,23,21,423.1904762,15.69571429,1.8,Front-Wheel Drive,Automatic 3-spd
1744,Volkswagen,Cabriolet,1986,4,Regular,21,26,23,386.3913043,14.33086957,1.8,Front-Wheel Drive,Manual 5-spd
17477,Volkswagen,Cabrio,2002,4,Regular,20,27,23,386.3913043,14.33086957,2,Front-Wheel Drive,Automatic 4-spd
17478,Volkswagen,Cabrio,2002,4,Regular,21,28,24,370.2916667,13.73375,2,Front-Wheel Drive,Manual 5-spd
17479,Volkswagen,New Beetle,2002,4,Premium,20,28,23,386.3913043,14.33086957,1.8,Front-Wheel Drive,Manual 6-spd
17480,Volkswagen,New Beetle,2002,4,Premium,20,27,23,386.3913043,14.33086957,1.8,Front-Wheel Drive,Automatic 4-spd
17481,Volkswagen,New Beetle,2002,4,Premium,21,28,24,370.2916667,13.73375,1.8,Front-Wheel Drive,Manual 5-spd
17482,Volkswagen,New Beetle,2002,4,Diesel,29,39,33,308.4848485,11.58136364,1.9,Front-Wheel Drive,Automatic 4-spd
17483,Volkswagen,New Beetle,2002,4,Diesel,35,44,38,267.8947368,10.0575,1.9,Front-Wheel Drive,Manual 5-spd
17484,Volkswagen,New Beetle,2002,4,Regular,20,27,23,386.3913043,14.33086957,2,Front-Wheel Drive,Automatic 4-spd
17485,Volkswagen,New Beetle,2002,4,Regular,21,28,24,370.2916667,13.73375,2,Front-Wheel Drive,Manual 5-spd
17635,Volkswagen,Golf,2002,4,Diesel,29,40,33,308.4848485,11.58136364,1.9,Front-Wheel Drive,Automatic 4-spd
17636,Volkswagen,Golf,2002,4,Diesel,35,44,38,267.8947368,10.0575,1.9,Front-Wheel Drive,Manual 5-spd
17637,Volkswagen,Golf,2002,4,Regular,20,27,23,386.3913043,14.33086957,2,Front-Wheel Drive,Automatic 4-spd
17638,Volkswagen,Golf,2002,4,Regular,21,28,24,370.2916667,13.73375,2,Front-Wheel Drive,Manual 5-spd
17639,Volkswagen,GTI,2002,4,Premium,20,28,23,386.3913043,14.33086957,1.8,Front-Wheel Drive,Manual 6-spd
17640,Volkswagen,GTI,2002,6,Regular,19,27,22,403.9545455,14.98227273,2.8,Front-Wheel Drive,Manual 6-spd
17641,Volkswagen,GTI,2002,4,Premium,21,28,24,370.2916667,13.73375,1.8,Front-Wheel Drive,Manual 5-spd
17642,Volkswagen,GTI,2002,4,Premium,19,27,22,403.9545455,14.98227273,1.8,Front-Wheel Drive,Automatic (S5)
17643,Volkswagen,GTI,2002,6,Regular,18,26,21,423.1904762,15.69571429,2.8,Front-Wheel Drive,Manual 5-spd
17644,Volkswagen,Jetta,2002,6,Regular,19,28,22,403.9545455,14.98227273,2.8,Front-Wheel Drive,Automatic 5-spd
17645,Volkswagen,Jetta,2002,6,Regular,19,27,22,403.9545455,14.98227273,2.8,Front-Wheel Drive,Manual 6-spd
17646,Volkswagen,Jetta,2002,4,Premium,21,29,24,370.2916667,13.73375,1.8,Front-Wheel Drive,Manual 5-spd
17647,Volkswagen,Jetta,2002,4,Premium,19,27,22,403.9545455,14.98227273,1.8,Front-Wheel Drive,Automatic (S5)
17648,Volkswagen,Jetta,2002,4,Diesel,29,40,33,308.4848485,11.58136364,1.9,Front-Wheel Drive,Automatic 4-spd
17649,Volkswagen,Jetta,2002,4,Diesel,35,44,38,267.8947368,10.0575,1.9,Front-Wheel Drive,Manual 5-spd
17650,Volkswagen,Jetta,2002,4,Regular,20,27,23,386.3913043,14.33086957,2,Front-Wheel Drive,Automatic 4-spd
17651,Volkswagen,Jetta,2002,4,Regular,21,28,24,370.2916667,13.73375,2,Front-Wheel Drive,Manual 5-spd
17652,Volkswagen,Jetta,2002,6,Regular,17,24,19,467.7368421,17.34789474,2.8,Front-Wheel Drive,Automatic 4-spd
17653,Volkswagen,Jetta,2002,6,Regular,17,26,20,444.35,16.4805,2.8,Front-Wheel Drive,Manual 5-spd
17654,Volkswagen,Passat 4motion,2002,6,Premium,17,24,19,467.7368421,17.34789474,2.8,4-Wheel or All-Wheel Drive,Automatic (S5)
17762,Volkswagen,Passat,2002,4,Premium,19,28,23,386.3913043,14.33086957,1.8,Front-Wheel Drive,Manual 5-spd
17763,Volkswagen,Passat,2002,4,Premium,19,28,22,403.9545455,14.98227273,1.8,Front-Wheel Drive,Automatic (S5)
17764,Volkswagen,Passat,2002,6,Premium,18,26,21,423.1904762,15.69571429,2.8,Front-Wheel Drive,Manual 5-spd
17765,Volkswagen,Passat,2002,6,Premium,17,25,20,444.35,16.4805,2.8,Front-Wheel Drive,Automatic (S5)
17825,Volkswagen,Jetta Wagon,2002,4,Premium,21,29,24,370.2916667,13.73375,1.8,Front-Wheel Drive,Manual 5-spd
17826,Volkswagen,Jetta Wagon,2002,4,Premium,19,27,22,403.9545455,14.98227273,1.8,Front-Wheel Drive,Automatic (S5)
17827,Volkswagen,Jetta Wagon,2002,4,Diesel,29,40,33,308.4848485,11.58136364,1.9,Front-Wheel Drive,Automatic 4-spd
17828,Volkswagen,Jetta Wagon,2002,4,Diesel,35,45,39,261.025641,9.799615385,1.9,Front-Wheel Drive,Manual 5-spd
17829,Volkswagen,Jetta Wagon,2002,4,Regular,20,26,22,403.9545455,14.98227273,2,Front-Wheel Drive,Automatic 4-spd
17830,Volkswagen,Jetta Wagon,2002,4,Regular,21,29,24,370.2916667,13.73375,2,Front-Wheel Drive,Manual 5-spd
17831,Volkswagen,Jetta Wagon,2002,6,Regular,17,24,19,467.7368421,17.34789474,2.8,Front-Wheel Drive,Automatic 4-spd
17832,Volkswagen,Jetta Wagon,2002,6,Regular,17,26,20,444.35,16.4805,2.8,Front-Wheel Drive,Manual 5-spd
17859,Volkswagen,Passat Wagon,2002,4,Premium,19,28,23,386.3913043,14.33086957,1.8,Front-Wheel Drive,Manual 5-spd
17860,Volkswagen,Passat Wagon,2002,4,Premium,19,28,22,403.9545455,14.98227273,1.8,Front-Wheel Drive,Automatic (S5)
17861,Volkswagen,Passat Wagon,2002,6,Premium,18,26,21,423.1904762,15.69571429,2.8,Front-Wheel Drive,Manual 5-spd
17862,Volkswagen,Passat Wagon,2002,6,Premium,17,25,20,444.35,16.4805,2.8,Front-Wheel Drive,Automatic (S5)
17863,Volkswagen,Passat Wagon 4motion,2002,6,Premium,17,24,19,467.7368421,17.34789474,2.8,4-Wheel or All-Wheel Drive,Automatic (S5)
18017,Volkswagen,Eurovan Camper,2002,6,Regular,14,18,16,555.4375,20.600625,2.8,Front-Wheel Drive,Automatic 4-spd
18036,Volkswagen,Eurovan,2002,6,Regular,15,18,16,555.4375,20.600625,2.8,Front-Wheel Drive,Automatic 4-spd
18388,Volkswagen,New Beetle Convertible,2003,4,Regular,21,28,23,386.3913043,14.33086957,2,Front-Wheel Drive,Manual 5-spd
18389,Volkswagen,New Beetle Convertible,2003,4,Regular,19,26,22,403.9545455,14.98227273,2,Front-Wheel Drive,Automatic (S6)
18451,Volkswagen,New Beetle,2003,4,Diesel,29,39,33,308.4848485,11.58136364,1.9,Front-Wheel Drive,Automatic 4-spd
18452,Volkswagen,New Beetle,2003,4,Diesel,35,44,38,267.8947368,10.0575,1.9,Front-Wheel Drive,Manual 5-spd
18453,Volkswagen,New Beetle,2003,4,Regular,20,27,23,386.3913043,14.33086957,2,Front-Wheel Drive,Automatic 4-spd
18454,Volkswagen,New Beetle,2003,4,Regular,21,29,24,370.2916667,13.73375,2,Front-Wheel Drive,Manual 5-spd
18609,Volkswagen,Golf,2003,4,Diesel,29,40,33,308.4848485,11.58136364,1.9,Front-Wheel Drive,Automatic 4-spd
18610,Volkswagen,Golf,2003,4,Diesel,35,44,38,267.8947368,10.0575,1.9,Front-Wheel Drive,Manual 5-spd
18611,Volkswagen,Golf,2003,4,Regular,20,27,23,386.3913043,14.33086957,2,Front-Wheel Drive,Automatic 4-spd
18612,Volkswagen,Golf,2003,4,Regular,21,29,24,370.2916667,13.73375,2,Front-Wheel Drive,Manual 5-spd
18613,Volkswagen,GTI,2003,6,Premium,19,27,22,403.9545455,14.98227273,2.8,Front-Wheel Drive,Manual 6-spd
18614,Volkswagen,Jetta,2003,4,Diesel,29,40,33,308.4848485,11.58136364,1.9,Front-Wheel Drive,Automatic 4-spd
18615,Volkswagen,Jetta,2003,4,Diesel,35,44,38,267.8947368,10.0575,1.9,Front-Wheel Drive,Manual 5-spd
18616,Volkswagen,Jetta,2003,4,Regular,20,27,23,386.3913043,14.33086957,2,Front-Wheel Drive,Automatic 4-spd
18617,Volkswagen,Jetta,2003,4,Regular,21,29,24,370.2916667,13.73375,2,Front-Wheel Drive,Manual 5-spd
18618,Volkswagen,Jetta,2003,6,Premium,19,27,22,403.9545455,14.98227273,2.8,Front-Wheel Drive,Manual 6-spd
18619,Volkswagen,Jetta,2003,6,Premium,19,28,22,403.9545455,14.98227273,2.8,Front-Wheel Drive,Automatic (S5)
18620,Volkswagen,Passat 4motion,2003,6,Premium,17,24,19,467.7368421,17.34789474,2.8,4-Wheel or All-Wheel Drive,Automatic (S5)
18621,Volkswagen,Passat 4motion,2003,8,Premium,16,23,18,493.7222222,18.31166667,4,4-Wheel or All-Wheel Drive,Automatic (S5)
18715,Volkswagen,Passat,2003,4,Premium,19,28,23,386.3913043,14.33086957,1.8,Front-Wheel Drive,Manual 5-spd
18716,Volkswagen,Passat,2003,4,Premium,19,28,22,403.9545455,14.98227273,1.8,Front-Wheel Drive,Automatic (S5)
18717,Volkswagen,Passat,2003,6,Premium,17,26,20,444.35,16.4805,2.8,Front-Wheel Drive,Manual 5-spd
18718,Volkswagen,Passat,2003,6,Premium,17,25,20,444.35,16.4805,2.8,Front-Wheel Drive,Automatic (S5)
18792,Volkswagen,Jetta Wagon,2003,4,Diesel,29,40,33,308.4848485,11.58136364,1.9,Front-Wheel Drive,Automatic 4-spd
18793,Volkswagen,Jetta Wagon,2003,4,Diesel,35,45,39,261.025641,9.799615385,1.9,Front-Wheel Drive,Manual 5-spd
18794,Volkswagen,Jetta Wagon,2003,4,Regular,20,27,22,403.9545455,14.98227273,2,Front-Wheel Drive,Automatic 4-spd
18795,Volkswagen,Jetta Wagon,2003,4,Regular,21,28,23,386.3913043,14.33086957,2,Front-Wheel Drive,Manual 5-spd
18825,Volkswagen,Passat Wagon,2003,4,Premium,19,28,23,386.3913043,14.33086957,1.8,Front-Wheel Drive,Manual 5-spd
18826,Volkswagen,Passat Wagon,2003,4,Premium,19,28,22,403.9545455,14.98227273,1.8,Front-Wheel Drive,Automatic (S5)
18827,Volkswagen,Passat Wagon,2003,6,Premium,17,26,20,444.35,16.4805,2.8,Front-Wheel Drive,Manual 5-spd
18828,Volkswagen,Passat Wagon,2003,6,Premium,17,25,20,444.35,16.4805,2.8,Front-Wheel Drive,Automatic (S5)
18829,Volkswagen,Passat Wagon 4motion,2003,6,Premium,17,24,19,467.7368421,17.34789474,2.8,4-Wheel or All-Wheel Drive,Automatic (S5)
18830,Volkswagen,Passat Wagon 4motion,2003,8,Premium,16,23,18,493.7222222,18.31166667,4,4-Wheel or All-Wheel Drive,Automatic (S5)
18998,Volkswagen,Eurovan Camper,2003,6,Premium,14,18,16,555.4375,20.600625,2.8,Front-Wheel Drive,Automatic 4-spd
19012,Volkswagen,Eurovan,2003,6,Premium,15,18,16,555.4375,20.600625,2.8,Front-Wheel Drive,Automatic 4-spd
19304,Volkswagen,New Beetle Convertible,2003,4,Premium,21,28,24,370.2916667,13.73375,1.8,Front-Wheel Drive,Manual 5-spd
19305,Volkswagen,New Beetle Convertible,2003,4,Premium,19,26,22,403.9545455,14.98227273,1.8,Front-Wheel Drive,Automatic (S6)
19306,Volkswagen,New Beetle,2003,4,Premium,20,27,23,386.3913043,14.33086957,1.8,Front-Wheel Drive,Automatic 4-spd
19307,Volkswagen,New Beetle,2003,4,Premium,21,28,24,370.2916667,13.73375,1.8,Front-Wheel Drive,Manual 5-spd
19308,Volkswagen,New Beetle,2003,4,Premium,20,28,23,386.3913043,14.33086957,1.8,Front-Wheel Drive,Manual 6-spd
19313,Volkswagen,GTI,2003,4,Premium,21,28,24,370.2916667,13.73375,1.8,Front-Wheel Drive,Manual 5-spd
19314,Volkswagen,GTI,2003,4,Premium,20,28,23,386.3913043,14.33086957,1.8,Front-Wheel Drive,Manual 6-spd
19315,Volkswagen,GTI,2003,4,Premium,19,27,22,403.9545455,14.98227273,1.8,Front-Wheel Drive,Automatic (S5)
19316,Volkswagen,Jetta,2003,4,Premium,21,28,24,370.2916667,13.73375,1.8,Front-Wheel Drive,Manual 5-spd
19317,Volkswagen,Jetta,2003,4,Premium,19,27,22,403.9545455,14.98227273,1.8,Front-Wheel Drive,Automatic (S5)
19318,Volkswagen,Passat 4motion,2003,8,Premium,15,22,18,493.7222222,18.31166667,4,4-Wheel or All-Wheel Drive,Manual 6-spd
19320,Volkswagen,Jetta Wagon,2003,4,Premium,21,28,24,370.2916667,13.73375,1.8,Front-Wheel Drive,Manual 5-spd
19321,Volkswagen,Jetta Wagon,2003,4,Premium,19,27,22,403.9545455,14.98227273,1.8,Front-Wheel Drive,Automatic (S5)
19331,Volkswagen,Passat Wagon 4motion,2003,8,Premium,15,22,18,493.7222222,18.31166667,4,4-Wheel or All-Wheel Drive,Manual 6-spd
1934,Volkswagen,Scirocco,1986,4,Regular,20,23,21,423.1904762,15.69571429,1.8,Front-Wheel Drive,Automatic 3-spd
1935,Volkswagen,Scirocco,1986,4,Regular,21,26,23,386.3913043,14.33086957,1.8,Front-Wheel Drive,Manual 5-spd
1936,Volkswagen,Scirocco 16v,1986,4,Regular,21,26,23,386.3913043,14.33086957,1.8,Front-Wheel Drive,Manual 5-spd
19441,Volkswagen,New Beetle Convertible,2004,4,Premium,21,28,24,370.2916667,13.73375,1.8,Front-Wheel Drive,Manual 5-spd
19442,Volkswagen,New Beetle Convertible,2004,4,Premium,19,26,22,403.9545455,14.98227273,1.8,Front-Wheel Drive,Automatic (S6)
19443,Volkswagen,New Beetle Convertible,2004,4,Regular,21,28,24,370.2916667,13.73375,2,Front-Wheel Drive,Manual 5-spd
19444,Volkswagen,New Beetle Convertible,2004,4,Regular,19,28,22,403.9545455,14.98227273,2,Front-Wheel Drive,Automatic (S6)
19516,Volkswagen,New Beetle,2004,4,Premium,20,27,23,386.3913043,14.33086957,1.8,Front-Wheel Drive,Automatic 4-spd
19517,Volkswagen,New Beetle,2004,4,Premium,21,28,24,370.2916667,13.73375,1.8,Front-Wheel Drive,Manual 5-spd
19518,Volkswagen,New Beetle,2004,4,Premium,20,28,23,386.3913043,14.33086957,1.8,Front-Wheel Drive,Manual 6-spd
19519,Volkswagen,New Beetle,2004,4,Diesel,32,42,36,282.7777778,10.61625,1.9,Front-Wheel Drive,Manual 5-spd
19520,Volkswagen,New Beetle,2004,4,Diesel,30,38,33,308.4848485,11.58136364,1.9,Front-Wheel Drive,Automatic (S6)
19521,Volkswagen,New Beetle,2004,4,Regular,21,28,24,370.2916667,13.73375,2,Front-Wheel Drive,Automatic 4-spd
19522,Volkswagen,New Beetle,2004,4,Regular,21,28,24,370.2916667,13.73375,2,Front-Wheel Drive,Manual 5-spd
19523,Volkswagen,R32,2004,6,Premium,17,24,19,467.7368421,17.34789474,3.2,4-Wheel or All-Wheel Drive,Manual 6-spd
19679,Volkswagen,Golf,2004,4,Diesel,32,42,36,282.7777778,10.61625,1.9,Front-Wheel Drive,Manual 5-spd
19680,Volkswagen,Golf,2004,4,Diesel,28,39,32,318.125,11.94328125,1.9,Front-Wheel Drive,Automatic (S5)
19681,Volkswagen,Golf,2004,4,Regular,21,28,24,370.2916667,13.73375,2,Front-Wheel Drive,Automatic 4-spd
19682,Volkswagen,Golf,2004,4,Regular,21,28,24,370.2916667,13.73375,2,Front-Wheel Drive,Manual 5-spd
19683,Volkswagen,GTI,2004,4,Premium,21,28,24,370.2916667,13.73375,1.8,Front-Wheel Drive,Manual 5-spd
19684,Volkswagen,GTI,2004,4,Premium,19,27,22,403.9545455,14.98227273,1.8,Front-Wheel Drive,Automatic (S5)
19685,Volkswagen,GTI,2004,6,Premium,19,27,22,403.9545455,14.98227273,2.8,Front-Wheel Drive,Manual 6-spd
19686,Volkswagen,Jetta,2004,4,Premium,21,28,24,370.2916667,13.73375,1.8,Front-Wheel Drive,Manual 5-spd
19687,Volkswagen,Jetta,2004,4,Premium,19,27,22,403.9545455,14.98227273,1.8,Front-Wheel Drive,Manual 6-spd
19688,Volkswagen,Jetta,2004,4,Premium,19,27,22,403.9545455,14.98227273,1.8,Front-Wheel Drive,Automatic (S5)
19689,Volkswagen,Jetta,2004,4,Diesel,32,42,36,282.7777778,10.61625,1.9,Front-Wheel Drive,Manual 5-spd
19690,Volkswagen,Jetta,2004,4,Diesel,28,39,32,318.125,11.94328125,1.9,Front-Wheel Drive,Automatic (S5)
19691,Volkswagen,Jetta,2004,4,Regular,21,28,24,370.2916667,13.73375,2,Front-Wheel Drive,Automatic 4-spd
19692,Volkswagen,Jetta,2004,4,Regular,21,28,24,370.2916667,13.73375,2,Front-Wheel Drive,Manual 5-spd
19693,Volkswagen,Jetta,2004,6,Premium,19,27,22,403.9545455,14.98227273,2.8,Front-Wheel Drive,Manual 6-spd
19694,Volkswagen,Passat 4motion,2004,4,Premium,19,28,22,403.9545455,14.98227273,1.8,4-Wheel or All-Wheel Drive,Manual 5-spd
19695,Volkswagen,Passat 4motion,2004,4,Premium,18,26,21,423.1904762,15.69571429,1.8,4-Wheel or All-Wheel Drive,Automatic (S5)
19696,Volkswagen,Passat 4motion,2004,6,Premium,17,24,19,467.7368421,17.34789474,2.8,4-Wheel or All-Wheel Drive,Automatic (S5)
19697,Volkswagen,Passat 4motion,2004,8,Premium,15,22,18,493.7222222,18.31166667,4,4-Wheel or All-Wheel Drive,Manual 6-spd
19698,Volkswagen,Passat 4motion,2004,8,Premium,16,23,18,493.7222222,18.31166667,4,4-Wheel or All-Wheel Drive,Automatic (S5)
19814,Volkswagen,Passat,2004,4,Premium,19,28,23,386.3913043,14.33086957,1.8,Front-Wheel Drive,Manual 5-spd
19815,Volkswagen,Passat,2004,4,Premium,19,28,22,403.9545455,14.98227273,1.8,Front-Wheel Drive,Automatic (S5)
19816,Volkswagen,Passat,2004,6,Premium,17,26,20,444.35,16.4805,2.8,Front-Wheel Drive,Manual 5-spd
19817,Volkswagen,Passat,2004,6,Premium,17,25,20,444.35,16.4805,2.8,Front-Wheel Drive,Automatic (S5)
19868,Volkswagen,Phaeton,2004,8,Premium,14,21,16,555.4375,20.600625,4.2,4-Wheel or All-Wheel Drive,Automatic (S6)
19869,Volkswagen,Phaeton,2004,12,Premium,11,17,13,683.6153846,25.35461538,6,4-Wheel or All-Wheel Drive,Automatic (S5)
19903,Volkswagen,Jetta Wagon,2004,4,Premium,21,28,24,370.2916667,13.73375,1.8,Front-Wheel Drive,Manual 5-spd
19904,Volkswagen,Jetta Wagon,2004,4,Premium,19,27,22,403.9545455,14.98227273,1.8,Front-Wheel Drive,Automatic (S5)
19905,Volkswagen,Jetta Wagon,2004,4,Diesel,31,42,35,290.8571429,10.91957143,1.9,Front-Wheel Drive,Manual 5-spd
19906,Volkswagen,Jetta Wagon,2004,4,Diesel,28,39,32,318.125,11.94328125,1.9,Front-Wheel Drive,Automatic (S5)
19907,Volkswagen,Jetta Wagon,2004,4,Regular,20,27,23,386.3913043,14.33086957,2,Front-Wheel Drive,Automatic 4-spd
19908,Volkswagen,Jetta Wagon,2004,4,Regular,21,28,24,370.2916667,13.73375,2,Front-Wheel Drive,Manual 5-spd
19938,Volkswagen,Passat Wagon,2004,4,Premium,19,28,23,386.3913043,14.33086957,1.8,Front-Wheel Drive,Manual 5-spd
19939,Volkswagen,Passat Wagon,2004,4,Premium,19,28,22,403.9545455,14.98227273,1.8,Front-Wheel Drive,Automatic (S5)
19940,Volkswagen,Passat Wagon,2004,6,Premium,17,26,20,444.35,16.4805,2.8,Front-Wheel Drive,Manual 5-spd
19941,Volkswagen,Passat Wagon,2004,6,Premium,17,25,20,444.35,16.4805,2.8,Front-Wheel Drive,Automatic (S5)
19942,Volkswagen,Passat Wagon 4motion,2004,4,Premium,19,28,22,403.9545455,14.98227273,1.8,4-Wheel or All-Wheel Drive,Manual 5-spd
19943,Volkswagen,Passat Wagon 4motion,2004,4,Premium,18,26,21,423.1904762,15.69571429,1.8,4-Wheel or All-Wheel Drive,Automatic (S5)
19944,Volkswagen,Passat Wagon 4motion,2004,6,Premium,17,24,19,467.7368421,17.34789474,2.8,4-Wheel or All-Wheel Drive,Automatic (S5)
19945,Volkswagen,Passat Wagon 4motion,2004,8,Premium,15,22,18,493.7222222,18.31166667,4,4-Wheel or All-Wheel Drive,Manual 6-spd
19946,Volkswagen,Passat Wagon 4motion,2004,8,Premium,16,23,18,493.7222222,18.31166667,4,4-Wheel or All-Wheel Drive,Automatic (S5)
20377,Volkswagen,Touareg,2004,6,Premium,13,19,15,592.4666667,21.974,3.2,4-Wheel or All-Wheel Drive,Automatic (S6)
20378,Volkswagen,Touareg,2004,8,Premium,12,17,14,634.7857143,23.54357143,4.2,4-Wheel or All-Wheel Drive,Automatic (S6)
20379,Volkswagen,Touareg,2004,10,Diesel,15,22,18,565.5555556,21.2325,5,4-Wheel or All-Wheel Drive,Automatic (S6)
20443,Volkswagen,Passat,2004,4,Diesel,23,34,27,377.037037,14.155,2,Front-Wheel Drive,Automatic (S5)
20445,Volkswagen,Passat Wagon,2004,4,Diesel,23,34,27,377.037037,14.155,2,Front-Wheel Drive,Automatic (S5)
20580,Volkswagen,New Beetle Convertible,2005,4,Premium,22,28,24,370.2916667,13.73375,1.8,Front-Wheel Drive,Manual 5-spd
20581,Volkswagen,New Beetle Convertible,2005,4,Premium,19,28,22,403.9545455,14.98227273,1.8,Front-Wheel Drive,Automatic (S6)
20582,Volkswagen,New Beetle Convertible,2005,4,Regular,21,28,24,370.2916667,13.73375,2,Front-Wheel Drive,Manual 5-spd
20583,Volkswagen,New Beetle Convertible,2005,4,Regular,19,28,22,403.9545455,14.98227273,2,Front-Wheel Drive,Automatic (S6)
20651,Volkswagen,New Beetle,2005,4,Premium,22,28,24,370.2916667,13.73375,1.8,Front-Wheel Drive,Manual 5-spd
20652,Volkswagen,New Beetle,2005,4,Premium,19,28,22,403.9545455,14.98227273,1.8,Front-Wheel Drive,Automatic (S6)
20653,Volkswagen,New Beetle,2005,4,Diesel,32,41,35,290.8571429,10.91957143,1.9,Front-Wheel Drive,Manual 5-spd
20654,Volkswagen,New Beetle,2005,4,Diesel,30,38,33,308.4848485,11.58136364,1.9,Front-Wheel Drive,Automatic (S6)
20655,Volkswagen,New Beetle,2005,4,Regular,21,28,24,370.2916667,13.73375,2,Front-Wheel Drive,Manual 5-spd
20656,Volkswagen,New Beetle,2005,4,Regular,19,28,23,386.3913043,14.33086957,2,Front-Wheel Drive,Automatic (S6)
2076,Volkswagen,Golf,1986,4,Diesel,31,40,35,290.8571429,10.91957143,1.6,Front-Wheel Drive,Manual 5-spd
2077,Volkswagen,Golf,1986,4,Regular,21,25,22,403.9545455,14.98227273,1.8,Front-Wheel Drive,Automatic 3-spd
2078,Volkswagen,Golf,1986,4,Regular,23,31,26,341.8076923,12.67730769,1.8,Front-Wheel Drive,Manual 5-spd
2079,Volkswagen,GTI,1986,4,Regular,23,29,25,355.48,13.1844,1.8,Front-Wheel Drive,Manual 5-spd
2080,Volkswagen,Jetta,1986,4,Diesel,31,39,34,299.4117647,11.24073529,1.6,Front-Wheel Drive,Manual 5-spd
20801,Volkswagen,Golf,2005,4,Diesel,32,41,35,290.8571429,10.91957143,1.9,Front-Wheel Drive,Manual 5-spd
20802,Volkswagen,Golf,2005,4,Diesel,28,39,32,318.125,11.94328125,1.9,Front-Wheel Drive,Automatic (S5)
20803,Volkswagen,Golf,2005,4,Regular,21,28,24,370.2916667,13.73375,2,Front-Wheel Drive,Automatic 4-spd
20804,Volkswagen,Golf,2005,4,Regular,21,28,24,370.2916667,13.73375,2,Front-Wheel Drive,Manual 5-spd
20805,Volkswagen,GTI,2005,4,Premium,21,29,24,370.2916667,13.73375,1.8,Front-Wheel Drive,Manual 5-spd
20806,Volkswagen,GTI,2005,4,Premium,19,27,22,403.9545455,14.98227273,1.8,Front-Wheel Drive,Automatic (S5)
20807,Volkswagen,GTI,2005,6,Premium,19,27,22,403.9545455,14.98227273,2.8,Front-Wheel Drive,Manual 6-spd
20808,Volkswagen,Jetta,2005,4,Premium,21,29,24,370.2916667,13.73375,1.8,Front-Wheel Drive,Manual 5-spd
20809,Volkswagen,Jetta,2005,4,Premium,19,27,22,403.9545455,14.98227273,1.8,Front-Wheel Drive,Manual 6-spd
2081,Volkswagen,Jetta,1986,4,Diesel,31,40,35,290.8571429,10.91957143,1.6,Front-Wheel Drive,Manual 5-spd
20810,Volkswagen,Jetta,2005,4,Premium,19,27,22,403.9545455,14.98227273,1.8,Front-Wheel Drive,Automatic (S5)
20811,Volkswagen,Jetta,2005,4,Diesel,32,41,35,290.8571429,10.91957143,1.9,Front-Wheel Drive,Manual 5-spd
20812,Volkswagen,Jetta,2005,4,Diesel,28,39,32,318.125,11.94328125,1.9,Front-Wheel Drive,Automatic (S5)
20813,Volkswagen,Jetta,2005,4,Regular,21,28,24,370.2916667,13.73375,2,Front-Wheel Drive,Automatic 4-spd
20814,Volkswagen,Jetta,2005,4,Regular,21,28,24,370.2916667,13.73375,2,Front-Wheel Drive,Manual 5-spd
20815,Volkswagen,Passat 4motion,2005,4,Premium,19,28,22,403.9545455,14.98227273,1.8,4-Wheel or All-Wheel Drive,Manual 5-spd
20816,Volkswagen,Passat 4motion,2005,4,Premium,18,26,21,423.1904762,15.69571429,1.8,4-Wheel or All-Wheel Drive,Automatic (S5)
20817,Volkswagen,Passat 4motion,2005,6,Premium,17,24,19,467.7368421,17.34789474,2.8,4-Wheel or All-Wheel Drive,Automatic (S5)
2082,Volkswagen,Jetta,1986,4,Regular,21,25,22,403.9545455,14.98227273,1.8,Front-Wheel Drive,Automatic 3-spd
2083,Volkswagen,Jetta,1986,4,Regular,23,31,26,341.8076923,12.67730769,1.8,Front-Wheel Drive,Manual 5-spd
2084,Volkswagen,Jetta GLI,1986,4,Regular,21,24,22,403.9545455,14.98227273,1.8,Front-Wheel Drive,Automatic 3-spd
2085,Volkswagen,Jetta GLI,1986,4,Regular,23,29,25,355.48,13.1844,1.8,Front-Wheel Drive,Manual 5-spd
2086,Volkswagen,Quantum,1986,5,Regular,16,20,18,493.7222222,18.31166667,2.2,Front-Wheel Drive,Automatic 3-spd
2087,Volkswagen,Quantum,1986,5,Regular,17,22,19,467.7368421,17.34789474,2.2,Front-Wheel Drive,Manual 5-spd
20935,Volkswagen,Passat,2005,4,Premium,19,28,23,386.3913043,14.33086957,1.8,Front-Wheel Drive,Manual 5-spd
20936,Volkswagen,Passat,2005,4,Premium,19,28,22,403.9545455,14.98227273,1.8,Front-Wheel Drive,Automatic (S5)
20937,Volkswagen,Passat,2005,4,Diesel,23,34,27,377.037037,14.155,2,Front-Wheel Drive,Automatic (S5)
20938,Volkswagen,Passat,2005,6,Premium,17,26,20,444.35,16.4805,2.8,Front-Wheel Drive,Manual 5-spd
20939,Volkswagen,Passat,2005,6,Premium,17,25,20,444.35,16.4805,2.8,Front-Wheel Drive,Automatic (S5)
20996,Volkswagen,Phaeton,2005,8,Premium,14,21,16,555.4375,20.600625,4.2,4-Wheel or All-Wheel Drive,Automatic (S6)
20997,Volkswagen,Phaeton,2005,12,Premium,11,17,13,683.6153846,25.35461538,6,4-Wheel or All-Wheel Drive,Automatic (S5)
21035,Volkswagen,Jetta Wagon,2005,4,Premium,21,29,24,370.2916667,13.73375,1.8,Front-Wheel Drive,Manual 5-spd
21036,Volkswagen,Jetta Wagon,2005,4,Premium,19,27,22,403.9545455,14.98227273,1.8,Front-Wheel Drive,Automatic (S5)
21037,Volkswagen,Jetta Wagon,2005,4,Diesel,31,39,34,299.4117647,11.24073529,1.9,Front-Wheel Drive,Manual 5-spd
21038,Volkswagen,Jetta Wagon,2005,4,Diesel,28,39,32,318.125,11.94328125,1.9,Front-Wheel Drive,Automatic (S5)
21039,Volkswagen,Jetta Wagon,2005,4,Regular,20,27,23,386.3913043,14.33086957,2,Front-Wheel Drive,Automatic 4-spd
21040,Volkswagen,Jetta Wagon,2005,4,Regular,21,28,24,370.2916667,13.73375,2,Front-Wheel Drive,Manual 5-spd
21066,Volkswagen,Passat Wagon,2005,4,Premium,19,28,23,386.3913043,14.33086957,1.8,Front-Wheel Drive,Manual 5-spd
21067,Volkswagen,Passat Wagon,2005,4,Premium,19,28,22,403.9545455,14.98227273,1.8,Front-Wheel Drive,Automatic (S5)
21068,Volkswagen,Passat Wagon,2005,4,Diesel,23,34,27,377.037037,14.155,2,Front-Wheel Drive,Automatic (S5)
21069,Volkswagen,Passat Wagon,2005,6,Premium,17,26,20,444.35,16.4805,2.8,Front-Wheel Drive,Manual 5-spd
21070,Volkswagen,Passat Wagon,2005,6,Premium,17,25,20,444.35,16.4805,2.8,Front-Wheel Drive,Automatic (S5)
21071,Volkswagen,Passat Wagon 4motion,2005,4,Premium,19,28,22,403.9545455,14.98227273,1.8,4-Wheel or All-Wheel Drive,Manual 5-spd
21072,Volkswagen,Passat Wagon 4motion,2005,4,Premium,18,26,21,423.1904762,15.69571429,1.8,4-Wheel or All-Wheel Drive,Automatic (S5)
21073,Volkswagen,Passat Wagon 4motion,2005,6,Premium,17,24,19,467.7368421,17.34789474,2.8,4-Wheel or All-Wheel Drive,Automatic (S5)
21486,Volkswagen,Touareg,2005,6,Premium,14,19,16,555.4375,20.600625,3.2,4-Wheel or All-Wheel Drive,Automatic (S6)
21487,Volkswagen,Touareg,2005,8,Premium,12,17,14,634.7857143,23.54357143,4.2,4-Wheel or All-Wheel Drive,Automatic (S6)
21557,Volkswagen,Jetta,2005,5,Regular,19,28,22,403.9545455,14.98227273,2.5,Front-Wheel Drive,Manual 5-spd
21558,Volkswagen,Jetta,2005,5,Regular,19,28,22,403.9545455,14.98227273,2.5,Front-Wheel Drive,Automatic (S6)
21598,Volkswagen,Jetta,2005,4,Diesel,31,39,34,299.4117647,11.24073529,1.9,Front-Wheel Drive,Manual 5-spd
21599,Volkswagen,Jetta,2005,4,Diesel,30,38,33,308.4848485,11.58136364,1.9,Front-Wheel Drive,Automatic (S6)
21704,Volkswagen,New Beetle Convertible,2006,5,Regular,19,28,22,403.9545455,14.98227273,2.5,Front-Wheel Drive,Manual 5-spd
21705,Volkswagen,New Beetle Convertible,2006,5,Regular,19,28,22,403.9545455,14.98227273,2.5,Front-Wheel Drive,Automatic (S6)
21779,Volkswagen,New Beetle,2006,4,Diesel,31,40,34,299.4117647,11.24073529,1.9,Front-Wheel Drive,Manual 5-spd
21780,Volkswagen,New Beetle,2006,4,Diesel,30,38,33,308.4848485,11.58136364,1.9,Front-Wheel Drive,Automatic (S6)
21781,Volkswagen,New Beetle,2006,5,Regular,20,28,23,386.3913043,14.33086957,2.5,Front-Wheel Drive,Manual 5-spd
21782,Volkswagen,New Beetle,2006,5,Regular,20,29,23,386.3913043,14.33086957,2.5,Front-Wheel Drive,Automatic (S6)
21884,Volkswagen,Golf,2006,4,Diesel,31,40,34,299.4117647,11.24073529,1.9,Front-Wheel Drive,Manual 5-spd
21885,Volkswagen,Golf,2006,4,Diesel,28,40,32,318.125,11.94328125,1.9,Front-Wheel Drive,Automatic (S5)
21886,Volkswagen,Golf,2006,4,Regular,21,27,24,370.2916667,13.73375,2,Front-Wheel Drive,Automatic 4-spd
21887,Volkswagen,Golf,2006,4,Regular,21,29,24,370.2916667,13.73375,2,Front-Wheel Drive,Manual 5-spd
21888,Volkswagen,Rabbit,2006,5,Regular,19,28,22,403.9545455,14.98227273,2.5,Front-Wheel Drive,Manual 5-spd
21889,Volkswagen,Rabbit,2006,5,Regular,19,28,22,403.9545455,14.98227273,2.5,Front-Wheel Drive,Automatic (S6)
21890,Volkswagen,GTI,2006,4,Premium,21,29,24,370.2916667,13.73375,1.8,Front-Wheel Drive,Manual 5-spd
21891,Volkswagen,GTI,2006,4,Premium,19,27,22,403.9545455,14.98227273,1.8,Front-Wheel Drive,Automatic (S5)
21892,Volkswagen,Jetta,2006,4,Diesel,30,37,33,308.4848485,11.58136364,1.9,Front-Wheel Drive,Manual 5-spd
21893,Volkswagen,Jetta,2006,4,Diesel,30,38,33,308.4848485,11.58136364,1.9,Front-Wheel Drive,Automatic (S6)
21894,Volkswagen,Jetta,2006,4,Premium,21,29,24,370.2916667,13.73375,2,Front-Wheel Drive,Manual 6-spd
21895,Volkswagen,Jetta,2006,4,Premium,22,29,25,355.48,13.1844,2,Front-Wheel Drive,Automatic (S6)
21896,Volkswagen,Jetta,2006,5,Regular,19,28,22,403.9545455,14.98227273,2.5,Front-Wheel Drive,Manual 5-spd
21897,Volkswagen,Jetta,2006,5,Regular,19,28,22,403.9545455,14.98227273,2.5,Front-Wheel Drive,Automatic (S6)
22017,Volkswagen,Passat,2006,4,Premium,21,29,24,370.2916667,13.73375,2,Front-Wheel Drive,Manual 6-spd
22018,Volkswagen,Passat,2006,4,Premium,19,28,22,403.9545455,14.98227273,2,Front-Wheel Drive,Automatic (S6)
22019,Volkswagen,Passat,2006,6,Premium,17,26,20,444.35,16.4805,3.6,Front-Wheel Drive,Automatic (S6)
22020,Volkswagen,Passat 4motion,2006,6,Premium,16,24,19,467.7368421,17.34789474,3.6,4-Wheel or All-Wheel Drive,Automatic (S6)
22088,Volkswagen,Phaeton,2006,8,Premium,14,21,16,555.4375,20.600625,4.2,4-Wheel or All-Wheel Drive,Automatic (S6)
22089,Volkswagen,Phaeton,2006,12,Premium,11,17,13,683.6153846,25.35461538,6,4-Wheel or All-Wheel Drive,Automatic (S5)
22605,Volkswagen,Touareg,2006,6,Premium,14,19,16,555.4375,20.600625,3.2,4-Wheel or All-Wheel Drive,Automatic (S6)
22606,Volkswagen,Touareg,2006,8,Premium,12,17,14,634.7857143,23.54357143,4.2,4-Wheel or All-Wheel Drive,Automatic (S6)
22646,Volkswagen,GTI,2006,4,Premium,22,29,25,355.48,13.1844,2,Front-Wheel Drive,Automatic (S6)
22647,Volkswagen,GTI,2006,4,Premium,21,29,24,370.2916667,13.73375,2,Front-Wheel Drive,Manual 6-spd
22700,Volkswagen,Touareg,2006,10,Diesel,15,20,17,598.8235294,22.48147059,5,4-Wheel or All-Wheel Drive,Automatic (S6)
22779,Volkswagen,GTI,2007,4,Premium,21,29,24,370.2916667,13.73375,2,Front-Wheel Drive,Manual 6-spd
22780,Volkswagen,GTI,2007,4,Premium,22,29,25,355.48,13.1844,2,Front-Wheel Drive,Automatic (S6)
22781,Volkswagen,Jetta,2007,4,Premium,21,29,24,370.2916667,13.73375,2,Front-Wheel Drive,Manual 6-spd
22782,Volkswagen,Jetta,2007,4,Premium,22,29,25,355.48,13.1844,2,Front-Wheel Drive,Automatic (S6)
2280,Volkswagen,Quantum Syncro Wagon,1986,5,Regular,15,20,17,522.7647059,19.38882353,2.2,4-Wheel or All-Wheel Drive,Manual 5-spd
2281,Volkswagen,Quantum Wagon,1986,4,Regular,19,23,21,423.1904762,15.69571429,1.8,Front-Wheel Drive,Automatic 3-spd
2282,Volkswagen,Quantum Wagon,1986,4,Regular,22,29,25,355.48,13.1844,1.8,Front-Wheel Drive,Manual 5-spd
22826,Volkswagen,Passat,2007,4,Premium,21,29,24,370.2916667,13.73375,2,Front-Wheel Drive,Manual 6-spd
22827,Volkswagen,Passat,2007,4,Premium,19,28,22,403.9545455,14.98227273,2,Front-Wheel Drive,Automatic (S6)
22828,Volkswagen,Passat,2007,6,Premium,17,26,20,444.35,16.4805,3.6,Front-Wheel Drive,Automatic (S6)
22829,Volkswagen,Passat 4motion,2007,6,Premium,16,24,19,467.7368421,17.34789474,3.6,4-Wheel or All-Wheel Drive,Automatic (S6)
2283,Volkswagen,Quantum Wagon,1986,5,Regular,16,20,18,493.7222222,18.31166667,2.2,Front-Wheel Drive,Automatic 3-spd
2284,Volkswagen,Quantum Wagon,1986,5,Regular,17,22,19,467.7368421,17.34789474,2.2,Front-Wheel Drive,Manual 5-spd
22875,Volkswagen,Passat Wagon,2007,4,Premium,20,29,23,386.3913043,14.33086957,2,Front-Wheel Drive,Automatic (S6)
22876,Volkswagen,Passat Wagon,2007,6,Premium,17,26,20,444.35,16.4805,3.6,Front-Wheel Drive,Automatic (S6)
22877,Volkswagen,Passat Wagon 4motion,2007,6,Premium,16,24,19,467.7368421,17.34789474,3.6,4-Wheel or All-Wheel Drive,Automatic (S6)
23036,Volkswagen,Touareg,2007,6,Premium,14,18,16,555.4375,20.600625,3.6,4-Wheel or All-Wheel Drive,Automatic (S6)
23118,Volkswagen,New Beetle Convertible,2007,5,Regular,19,28,22,403.9545455,14.98227273,2.5,Front-Wheel Drive,Manual 5-spd
23119,Volkswagen,New Beetle Convertible,2007,5,Regular,19,28,22,403.9545455,14.98227273,2.5,Front-Wheel Drive,Automatic (S6)
23156,Volkswagen,Eos,2007,4,Premium,21,29,24,370.2916667,13.73375,2,Front-Wheel Drive,Manual 6-spd
23157,Volkswagen,Eos,2007,4,Premium,20,29,23,386.3913043,14.33086957,2,Front-Wheel Drive,Automatic (S6)
23158,Volkswagen,New Beetle,2007,5,Regular,20,28,23,386.3913043,14.33086957,2.5,Front-Wheel Drive,Manual 5-spd
23159,Volkswagen,New Beetle,2007,5,Regular,20,29,23,386.3913043,14.33086957,2.5,Front-Wheel Drive,Automatic (S6)
23217,Volkswagen,Jetta,2007,5,Regular,19,28,22,403.9545455,14.98227273,2.5,Front-Wheel Drive,Manual 5-spd
23218,Volkswagen,Jetta,2007,5,Regular,19,28,22,403.9545455,14.98227273,2.5,Front-Wheel Drive,Automatic (S6)
23219,Volkswagen,Rabbit,2007,5,Regular,19,28,22,403.9545455,14.98227273,2.5,Front-Wheel Drive,Manual 5-spd
23220,Volkswagen,Rabbit,2007,5,Regular,19,28,22,403.9545455,14.98227273,2.5,Front-Wheel Drive,Automatic (S6)
23425,Volkswagen,Touareg,2007,8,Premium,12,17,14,634.7857143,23.54357143,4.2,4-Wheel or All-Wheel Drive,Automatic (S6)
23515,Volkswagen,Eos,2007,6,Premium,19,26,22,403.9545455,14.98227273,3.2,Front-Wheel Drive,Automatic (S6)
23840,Volkswagen,Touareg,2007,10,Diesel,15,20,17,598.8235294,22.48147059,5,4-Wheel or All-Wheel Drive,Automatic (S6)
23935,Volkswagen,Passat Wagon,2007,4,Premium,21,29,24,370.2916667,13.73375,2,Front-Wheel Drive,Manual 6-spd
240,Volkswagen,Scirocco,1985,4,Regular,20,23,21,423.1904762,15.69571429,1.8,Front-Wheel Drive,Automatic 3-spd
24015,Volkswagen,Eos,2008,4,Premium,21,30,24,370.2916667,13.73375,2,Front-Wheel Drive,Automatic (S6)
24027,Volkswagen,GTI,2008,4,Premium,22,29,25,355.48,13.1844,2,Front-Wheel Drive,Automatic (S6)
24028,Volkswagen,Jetta,2008,4,Premium,22,29,25,355.48,13.1844,2,Front-Wheel Drive,Automatic (S6)
241,Volkswagen,Scirocco,1985,4,Regular,21,26,23,386.3913043,14.33086957,1.8,Front-Wheel Drive,Manual 5-spd
24154,Volkswagen,Touareg,2008,6,Premium,14,20,16,555.4375,20.600625,3.6,4-Wheel or All-Wheel Drive,Automatic (S6)
24155,Volkswagen,Touareg,2008,8,Premium,12,17,14,634.7857143,23.54357143,4.2,4-Wheel or All-Wheel Drive,Automatic (S6)
24156,Volkswagen,Touareg,2008,10,Diesel,15,20,17,598.8235294,22.48147059,5,4-Wheel or All-Wheel Drive,Automatic (S6)
24243,Volkswagen,New Beetle Convertible,2008,5,Regular,20,28,23,386.3913043,14.33086957,2.5,Front-Wheel Drive,Manual 5-spd
24244,Volkswagen,New Beetle Convertible,2008,5,Regular,20,28,23,386.3913043,14.33086957,2.5,Front-Wheel Drive,Automatic (S6)
24268,Volkswagen,Eos,2008,4,Premium,20,29,24,370.2916667,13.73375,2,Front-Wheel Drive,Manual 6-spd
24269,Volkswagen,Eos,2008,6,Premium,19,26,22,403.9545455,14.98227273,3.2,Front-Wheel Drive,Automatic (S6)
24270,Volkswagen,New Beetle,2008,5,Regular,20,28,23,386.3913043,14.33086957,2.5,Front-Wheel Drive,Manual 5-spd
24271,Volkswagen,New Beetle,2008,5,Regular,20,29,23,386.3913043,14.33086957,2.5,Front-Wheel Drive,Automatic (S6)
24322,Volkswagen,GTI,2008,4,Premium,20,29,24,370.2916667,13.73375,2,Front-Wheel Drive,Manual 6-spd
24323,Volkswagen,Jetta,2008,4,Premium,20,29,24,370.2916667,13.73375,2,Front-Wheel Drive,Manual 6-spd
24324,Volkswagen,Jetta,2008,5,Regular,21,29,24,370.2916667,13.73375,2.5,Front-Wheel Drive,Manual 5-spd
24325,Volkswagen,Jetta,2008,5,Regular,21,29,24,370.2916667,13.73375,2.5,Front-Wheel Drive,Automatic (S6)
24326,Volkswagen,R32,2008,6,Premium,18,23,20,444.35,16.4805,3.2,4-Wheel or All-Wheel Drive,Automatic (S6)
24327,Volkswagen,Rabbit,2008,5,Regular,22,29,24,370.2916667,13.73375,2.5,Front-Wheel Drive,Manual 5-spd
24328,Volkswagen,Rabbit,2008,5,Regular,21,29,24,370.2916667,13.73375,2.5,Front-Wheel Drive,Automatic (S6)
24405,Volkswagen,Passat,2008,4,Premium,20,29,24,370.2916667,13.73375,2,Front-Wheel Drive,Manual 6-spd
24406,Volkswagen,Passat,2008,4,Premium,19,28,22,403.9545455,14.98227273,2,Front-Wheel Drive,Automatic (S6)
24407,Volkswagen,Passat,2008,6,Premium,17,26,20,444.35,16.4805,3.6,Front-Wheel Drive,Automatic (S6)
24408,Volkswagen,Passat 4motion,2008,6,Premium,16,24,19,467.7368421,17.34789474,3.6,4-Wheel or All-Wheel Drive,Automatic (S6)
24445,Volkswagen,Jetta SportWagen,2008,5,Regular,21,29,24,370.2916667,13.73375,2.5,Front-Wheel Drive,Manual 5-spd
24446,Volkswagen,Jetta SportWagen,2008,5,Regular,21,29,24,370.2916667,13.73375,2.5,Front-Wheel Drive,Automatic (S6)
24456,Volkswagen,Passat Wagon,2008,4,Premium,20,29,24,370.2916667,13.73375,2,Front-Wheel Drive,Manual 6-spd
24457,Volkswagen,Passat Wagon,2008,4,Premium,20,28,23,386.3913043,14.33086957,2,Front-Wheel Drive,Automatic (S6)
24459,Volkswagen,Passat Wagon 4motion,2008,6,Premium,16,24,19,467.7368421,17.34789474,3.6,4-Wheel or All-Wheel Drive,Automatic (S6)
25220,Volkswagen,New Beetle Convertible,2009,5,Regular,20,28,23,386.3913043,14.33086957,2.5,Front-Wheel Drive,Manual 5-spd
25221,Volkswagen,New Beetle Convertible,2009,5,Regular,20,28,23,386.3913043,14.33086957,2.5,Front-Wheel Drive,Automatic (S6)
25233,Volkswagen,New Beetle,2009,5,Regular,20,28,23,386.3913043,14.33086957,2.5,Front-Wheel Drive,Manual 5-spd
25234,Volkswagen,New Beetle,2009,5,Regular,20,29,23,386.3913043,14.33086957,2.5,Front-Wheel Drive,Automatic (S6)
25256,Volkswagen,GTI,2009,4,Premium,21,31,25,355.48,13.1844,2,Front-Wheel Drive,Manual 6-spd
25257,Volkswagen,GTI,2009,4,Premium,22,29,25,355.48,13.1844,2,Front-Wheel Drive,Automatic (S6)
25258,Volkswagen,Jetta,2009,5,Regular,21,30,24,370.2916667,13.73375,2.5,Front-Wheel Drive,Manual 5-spd
25259,Volkswagen,Jetta,2009,5,Regular,20,29,24,370.2916667,13.73375,2.5,Front-Wheel Drive,Automatic (S6)
25260,Volkswagen,Jetta,2009,4,Premium,21,31,25,355.48,13.1844,2,Front-Wheel Drive,Manual 6-spd
25261,Volkswagen,Jetta,2009,4,Premium,22,29,25,355.48,13.1844,2,Front-Wheel Drive,Automatic (S6)
25264,Volkswagen,Rabbit,2009,5,Regular,21,30,24,370.2916667,13.73375,2.5,Front-Wheel Drive,Manual 5-spd
25265,Volkswagen,Rabbit,2009,5,Regular,20,29,24,370.2916667,13.73375,2.5,Front-Wheel Drive,Automatic (S6)
25279,Volkswagen,Passat,2009,4,Premium,19,29,23,386.3913043,14.33086957,2,Front-Wheel Drive,Automatic (S6)
25312,Volkswagen,Jetta SportWagen,2009,5,Regular,21,30,24,370.2916667,13.73375,2.5,Front-Wheel Drive,Manual 5-spd
25313,Volkswagen,Jetta SportWagen,2009,5,Regular,20,29,24,370.2916667,13.73375,2.5,Front-Wheel Drive,Automatic (S6)
25314,Volkswagen,Jetta SportWagen,2009,4,Premium,21,31,25,355.48,13.1844,2,Front-Wheel Drive,Manual 6-spd
25315,Volkswagen,Jetta SportWagen,2009,4,Premium,22,29,25,355.48,13.1844,2,Front-Wheel Drive,Automatic (S6)
25318,Volkswagen,Passat Wagon,2009,4,Premium,19,28,22,403.9545455,14.98227273,2,Front-Wheel Drive,Automatic (S6)
25342,Volkswagen,Tiguan,2009,4,Premium,19,26,21,423.1904762,15.69571429,2,Front-Wheel Drive,Manual 6-spd
25343,Volkswagen,Tiguan,2009,4,Premium,18,24,21,423.1904762,15.69571429,2,Front-Wheel Drive,Automatic (S6)
25371,Volkswagen,Tiguan 4motion,2009,4,Premium,18,24,20,444.35,16.4805,2,4-Wheel or All-Wheel Drive,Automatic (S6)
25372,Volkswagen,Touareg,2009,8,Premium,13,18,15,592.4666667,21.974,4.2,4-Wheel or All-Wheel Drive,Automatic (S6)
25427,Volkswagen,Eos,2009,4,Premium,21,31,25,355.48,13.1844,2,Front-Wheel Drive,Manual 6-spd
25428,Volkswagen,Eos,2009,4,Premium,22,29,25,355.48,13.1844,2,Front-Wheel Drive,Automatic (S6)
25944,Volkswagen,CC,2009,4,Premium,21,31,25,355.48,13.1844,2,Front-Wheel Drive,Manual 6-spd
25945,Volkswagen,CC,2009,4,Premium,19,29,23,386.3913043,14.33086957,2,Front-Wheel Drive,Automatic (S6)
25946,Volkswagen,CC,2009,6,Premium,18,27,21,423.1904762,15.69571429,3.6,Front-Wheel Drive,Automatic (S6)
25947,Volkswagen,CC 4motion,2009,6,Premium,17,25,20,444.35,16.4805,3.6,4-Wheel or All-Wheel Drive,Automatic (S6)
26116,Volkswagen,Routan FWD,2009,6,Regular,16,23,18,493.7222222,18.31166667,3.8,Front-Wheel Drive,Automatic 6-spd
26117,Volkswagen,Routan FWD,2009,6,Regular,17,25,20,444.35,16.4805,4,Front-Wheel Drive,Automatic 6-spd
26216,Volkswagen,Touareg,2009,6,Premium,14,20,16,555.4375,20.600625,3.6,4-Wheel or All-Wheel Drive,Automatic (S6)
26597,Volkswagen,Rabbit Convertible,1984,4,Regular,20,23,21,423.1904762,15.69571429,1.8,,Automatic 3-spd
26598,Volkswagen,Rabbit Convertible,1984,4,Regular,21,26,23,386.3913043,14.33086957,1.8,,Manual 5-spd
26778,Volkswagen,Jetta,1984,4,Diesel,33,37,35,290.8571429,10.91957143,1.6,,Manual 5-spd
26779,Volkswagen,Jetta,1984,4,Diesel,31,38,34,299.4117647,11.24073529,1.6,,Manual 5-spd
26780,Volkswagen,Jetta,1984,4,Regular,20,24,21,423.1904762,15.69571429,1.7,,Automatic 3-spd
26781,Volkswagen,Jetta,1984,4,Regular,20,24,21,423.1904762,15.69571429,1.7,,Automatic 3-spd
26782,Volkswagen,Jetta,1984,4,Regular,23,30,26,341.8076923,12.67730769,1.7,,Manual 5-spd
26783,Volkswagen,Jetta,1984,4,Regular,23,30,25,355.48,13.1844,1.7,,Manual 5-spd
26784,Volkswagen,Jetta,1984,4,Regular,21,26,23,386.3913043,14.33086957,1.8,,Manual 5-spd
26785,Volkswagen,Rabbit,1984,4,Diesel,27,31,29,351.0344828,13.1787931,1.6,,Automatic 3-spd
26786,Volkswagen,Rabbit,1984,4,Diesel,35,43,38,267.8947368,10.0575,1.6,,Manual 4-spd
26787,Volkswagen,Rabbit,1984,4,Diesel,33,40,36,282.7777778,10.61625,1.6,,Manual 5-spd
26788,Volkswagen,Rabbit,1984,4,Regular,24,32,27,329.1481481,12.20777778,1.7,,Manual 4-spd
26789,Volkswagen,Rabbit,1984,4,Regular,23,32,27,329.1481481,12.20777778,1.7,,Manual 4-spd
26790,Volkswagen,Rabbit,1984,4,Regular,21,24,22,403.9545455,14.98227273,1.7,,Automatic 3-spd
26791,Volkswagen,Rabbit,1984,4,Regular,21,24,22,403.9545455,14.98227273,1.7,,Automatic 3-spd
26792,Volkswagen,Rabbit,1984,4,Regular,24,31,27,329.1481481,12.20777778,1.7,,Manual 5-spd
26793,Volkswagen,Rabbit,1984,4,Regular,23,31,26,341.8076923,12.67730769,1.7,,Manual 5-spd
26794,Volkswagen,Rabbit,1984,4,Regular,21,26,23,386.3913043,14.33086957,1.8,,Manual 5-spd
26795,Volkswagen,Scirocco,1984,4,Regular,20,23,21,423.1904762,15.69571429,1.8,,Automatic 3-spd
26796,Volkswagen,Scirocco,1984,4,Regular,21,26,23,386.3913043,14.33086957,1.8,,Manual 5-spd
26916,Volkswagen,Quantum,1984,4,Diesel,25,31,27,377.037037,14.155,1.6,,Automatic 3-spd
26917,Volkswagen,Quantum,1984,4,Diesel,25,31,27,377.037037,14.155,1.6,,Automatic 3-spd
26918,Volkswagen,Quantum,1984,4,Diesel,32,35,33,308.4848485,11.58136364,1.6,,Manual 5-spd
26919,Volkswagen,Quantum,1984,4,Diesel,31,35,33,308.4848485,11.58136364,1.6,,Manual 5-spd
26920,Volkswagen,Quantum,1984,5,Regular,16,21,18,493.7222222,18.31166667,2.1,,Automatic 3-spd
26921,Volkswagen,Quantum,1984,5,Regular,16,22,18,493.7222222,18.31166667,2.1,,Manual 5-spd
27137,Volkswagen,Quantum Wagon,1984,4,Diesel,25,31,27,377.037037,14.155,1.6,,Automatic 3-spd
27138,Volkswagen,Quantum Wagon,1984,4,Diesel,25,31,27,377.037037,14.155,1.6,,Automatic 3-spd
27139,Volkswagen,Quantum Wagon,1984,4,Diesel,32,35,33,308.4848485,11.58136364,1.6,,Manual 5-spd
27140,Volkswagen,Quantum Wagon,1984,4,Diesel,31,35,33,308.4848485,11.58136364,1.6,,Manual 5-spd
27141,Volkswagen,Quantum Wagon,1984,5,Regular,16,21,18,493.7222222,18.31166667,2.1,,Automatic 3-spd
27142,Volkswagen,Quantum Wagon,1984,5,Regular,16,21,18,493.7222222,18.31166667,2.1,,Manual 5-spd
2739,Volkswagen,Vanagon Syncro 4WD,1986,4,Regular,14,14,14,634.7857143,23.54357143,2.1,4-Wheel or All-Wheel Drive,Manual 5 spd
2740,Volkswagen,Vanagon/Camper 2WD,1986,4,Regular,13,15,14,634.7857143,23.54357143,2.1,Rear-Wheel Drive,Automatic 3-spd
2741,Volkswagen,Vanagon/Camper 2WD,1986,4,Regular,15,17,15,592.4666667,21.974,2.1,Rear-Wheel Drive,Manual 4-spd
27547,Volkswagen,Vanagon 2WD,1984,4,Regular,14,17,15,592.4666667,21.974,1.9,2-Wheel Drive,Automatic 3-spd
27548,Volkswagen,Vanagon 2WD,1984,4,Regular,15,18,16,555.4375,20.600625,1.9,2-Wheel Drive,Manual 4-spd
27714,Volkswagen,Rabbit Convertible,1984,4,Regular,20,23,21,423.1904762,15.69571429,1.8,,Automatic 3-spd
27715,Volkswagen,Rabbit Convertible,1984,4,Regular,21,26,23,386.3913043,14.33086957,1.8,,Manual 5-spd
27872,Volkswagen,Jetta,1984,4,Diesel,35,41,37,275.1351351,10.32932432,1.6,,Manual 4-spd
27873,Volkswagen,Jetta,1984,4,Diesel,31,38,34,299.4117647,11.24073529,1.6,,Manual 5-spd
27874,Volkswagen,Jetta,1984,4,Diesel,31,38,33,308.4848485,11.58136364,1.6,,Manual 5-spd
27875,Volkswagen,Jetta,1984,4,Regular,20,24,21,423.1904762,15.69571429,1.7,,Automatic 3-spd
27876,Volkswagen,Jetta,1984,4,Regular,20,24,21,423.1904762,15.69571429,1.7,,Automatic 3-spd
27877,Volkswagen,Jetta,1984,4,Regular,22,29,25,355.48,13.1844,1.7,,Manual 5-spd
27878,Volkswagen,Jetta,1984,4,Regular,22,29,25,355.48,13.1844,1.7,,Manual 5-spd
27879,Volkswagen,Jetta,1984,4,Regular,21,26,23,386.3913043,14.33086957,1.8,,Manual 5-spd
27880,Volkswagen,Rabbit,1984,4,Diesel,35,43,38,267.8947368,10.0575,1.6,,Manual 4-spd
27881,Volkswagen,Rabbit,1984,4,Regular,20,24,21,423.1904762,15.69571429,1.7,,Automatic 3-spd
27882,Volkswagen,Rabbit,1984,4,Regular,20,24,21,423.1904762,15.69571429,1.7,,Automatic 3-spd
27883,Volkswagen,Rabbit,1984,4,Regular,23,30,25,355.48,13.1844,1.7,,Manual 5-spd
27884,Volkswagen,Rabbit,1984,4,Regular,23,30,25,355.48,13.1844,1.7,,Manual 5-spd
27885,Volkswagen,Rabbit,1984,4,Regular,21,26,23,386.3913043,14.33086957,1.8,,Manual 5-spd
27886,Volkswagen,Scirocco,1984,4,Regular,20,23,21,423.1904762,15.69571429,1.8,,Automatic 3-spd
27887,Volkswagen,Scirocco,1984,4,Regular,21,26,23,386.3913043,14.33086957,1.8,,Manual 5-spd
27990,Volkswagen,Quantum,1984,4,Diesel,29,35,31,328.3870968,12.32854839,1.6,,Manual 5-spd
27991,Volkswagen,Quantum,1984,4,Diesel,28,35,31,328.3870968,12.32854839,1.6,,Manual 5-spd
27992,Volkswagen,Quantum,1984,5,Regular,16,20,18,493.7222222,18.31166667,2.1,,Automatic 3-spd
27993,Volkswagen,Quantum,1984,5,Regular,17,22,19,467.7368421,17.34789474,2.1,,Manual 5-spd
28167,Volkswagen,Quantum Wagon,1984,4,Diesel,29,35,31,328.3870968,12.32854839,1.6,,Manual 5-spd
28168,Volkswagen,Quantum Wagon,1984,4,Diesel,28,35,31,328.3870968,12.32854839,1.6,,Manual 5-spd
28169,Volkswagen,Quantum Wagon,1984,5,Regular,16,20,18,493.7222222,18.31166667,2.1,,Automatic 3-spd
28170,Volkswagen,Quantum Wagon,1984,5,Regular,16,21,18,493.7222222,18.31166667,2.1,,Manual 5-spd
28423,Volkswagen,Vanagon 2WD,1984,4,Regular,14,17,15,592.4666667,21.974,1.9,2-Wheel Drive,Automatic 3-spd
28424,Volkswagen,Vanagon 2WD,1984,4,Regular,15,18,16,555.4375,20.600625,1.9,2-Wheel Drive,Manual 4-spd
28568,Volkswagen,Eos,2010,4,Premium,21,31,25,355.48,13.1844,2,Front-Wheel Drive,Manual 6-spd
28606,Volkswagen,Golf,2010,5,Regular,22,30,25,355.48,13.1844,2.5,Front-Wheel Drive,Manual 5-spd
28607,Volkswagen,Golf,2010,5,Regular,23,30,26,341.8076923,12.67730769,2.5,Front-Wheel Drive,Automatic (S6)
28608,Volkswagen,GTI,2010,4,Premium,21,31,25,355.48,13.1844,2,Front-Wheel Drive,Manual 6-spd
28609,Volkswagen,Jetta,2010,4,Premium,21,31,25,355.48,13.1844,2,Front-Wheel Drive,Manual 6-spd
28610,Volkswagen,Jetta,2010,5,Regular,22,30,25,355.48,13.1844,2.5,Front-Wheel Drive,Manual 5-spd
28611,Volkswagen,Jetta,2010,5,Regular,23,30,25,355.48,13.1844,2.5,Front-Wheel Drive,Automatic (S6)
28612,Volkswagen,CC,2010,4,Premium,22,31,25,355.48,13.1844,2,Front-Wheel Drive,Automatic (S6)
28613,Volkswagen,CC,2010,4,Premium,21,31,25,355.48,13.1844,2,Front-Wheel Drive,Manual 6-spd
28649,Volkswagen,Passat,2010,4,Premium,22,31,25,355.48,13.1844,2,Front-Wheel Drive,Automatic (S6)
28697,Volkswagen,Jetta SportWagen,2010,5,Regular,22,30,25,355.48,13.1844,2.5,Front-Wheel Drive,Automatic (S6)
28698,Volkswagen,Jetta SportWagen,2010,5,Regular,23,30,25,355.48,13.1844,2.5,Front-Wheel Drive,Automatic 6-spd
28704,Volkswagen,Passat Wagon,2010,4,Premium,22,31,25,355.48,13.1844,2,Front-Wheel Drive,Automatic (S6)
28733,Volkswagen,Routan,2010,6,Regular,17,25,20,444.35,16.4805,4,Front-Wheel Drive,Automatic 6-spd
28734,Volkswagen,Routan,2010,6,Regular,16,23,18,493.7222222,18.31166667,3.8,Front-Wheel Drive,Automatic 6-spd
28783,Volkswagen,Tiguan,2010,4,Premium,19,26,21,423.1904762,15.69571429,2,Front-Wheel Drive,Manual 6-spd
28784,Volkswagen,Tiguan,2010,4,Premium,18,24,21,423.1904762,15.69571429,2,Front-Wheel Drive,Automatic (S6)
28822,Volkswagen,Tiguan 4motion,2010,4,Premium,18,24,20,444.35,16.4805,2,All-Wheel Drive,Automatic (S6)
28988,Volkswagen,Corrado SLC,1993,6,Regular,16,23,19,467.7368421,17.34789474,2.8,Front-Wheel Drive,Automatic 4-spd
29003,Volkswagen,Golf III / GTI,1993,4,Regular,19,27,22,403.9545455,14.98227273,2,Front-Wheel Drive,Automatic 4-spd
29004,Volkswagen,Jetta III,1993,4,Regular,19,27,22,403.9545455,14.98227273,2,Front-Wheel Drive,Automatic 4-spd
29021,Volkswagen,Passat,1993,4,Regular,18,26,21,423.1904762,15.69571429,2,Front-Wheel Drive,Automatic 4-spd
29022,Volkswagen,Passat,1993,6,Regular,16,23,18,493.7222222,18.31166667,2.8,Front-Wheel Drive,Automatic 4-spd
29035,Volkswagen,Passat Wagon,1993,6,Regular,16,23,18,493.7222222,18.31166667,2.8,Front-Wheel Drive,Automatic 4-spd
29058,Volkswagen,Eurovan,1993,5,Regular,14,17,15,592.4666667,21.974,2.5,Front-Wheel Drive,Automatic 4-spd
29075,Volkswagen,Jetta III GLX,1994,6,Regular,16,23,18,493.7222222,18.31166667,2.8,Front-Wheel Drive,Automatic 4-spd
29081,Volkswagen,Eurovan,1994,5,Regular,14,17,15,592.4666667,21.974,2.5,Front-Wheel Drive,Automatic 4-spd
29082,Volkswagen,Eurovan,1994,5,Regular,15,19,17,522.7647059,19.38882353,2.5,Front-Wheel Drive,Manual 5-spd
29174,Volkswagen,New Beetle,1999,4,Premium,22,28,24,370.2916667,13.73375,1.8,Front-Wheel Drive,Manual 5-spd
29175,Volkswagen,New Beetle,1999,4,Premium,20,25,22,403.9545455,14.98227273,1.8,Front-Wheel Drive,Automatic 4-spd
29180,Volkswagen,Passat,1999,6,Premium,16,26,19,467.7368421,17.34789474,2.8,Front-Wheel Drive,Automatic 5-spd
29181,Volkswagen,Passat,1999,6,Premium,18,26,21,423.1904762,15.69571429,2.8,Front-Wheel Drive,Manual 5-spd
29182,Volkswagen,Passat Syncro,1999,6,Premium,15,24,18,493.7222222,18.31166667,2.8,Front-Wheel Drive,Automatic 5-spd
29188,Volkswagen,Passat Wagon,1999,6,Premium,18,26,21,423.1904762,15.69571429,2.8,Front-Wheel Drive,Manual 5-spd
29189,Volkswagen,Passat Wagon,1999,6,Premium,16,26,19,467.7368421,17.34789474,2.8,Front-Wheel Drive,Automatic 5-spd
29190,Volkswagen,Passat Wagon Syncro,1999,6,Premium,15,24,18,493.7222222,18.31166667,2.8,Front-Wheel Drive,Automatic 5-spd
29220,Volkswagen,Passat 4motion,2002,8,Premium,16,23,18,493.7222222,18.31166667,4,4-Wheel or All-Wheel Drive,Automatic (S5)
29222,Volkswagen,Passat Wagon 4motion,2002,8,Premium,16,23,18,493.7222222,18.31166667,4,4-Wheel or All-Wheel Drive,Automatic (S5)
29287,Volkswagen,Eos,2010,4,Premium,22,29,25,355.48,13.1844,2,Front-Wheel Drive,Automatic (S6)
29288,Volkswagen,New Beetle,2010,5,Regular,20,28,23,386.3913043,14.33086957,2.5,Front-Wheel Drive,Manual 5-spd
29289,Volkswagen,New Beetle,2010,5,Regular,20,29,23,386.3913043,14.33086957,2.5,Front-Wheel Drive,Automatic (S6)
29306,Volkswagen,CC,2010,6,Premium,18,27,21,423.1904762,15.69571429,3.6,Front-Wheel Drive,Automatic (S6)
29307,Volkswagen,CC 4motion,2010,6,Premium,17,25,20,444.35,16.4805,3.6,All-Wheel Drive,Automatic (S6)
29308,Volkswagen,GTI,2010,4,Premium,24,32,27,329.1481481,12.20777778,2,Front-Wheel Drive,Automatic (S6)
29309,Volkswagen,Jetta,2010,4,Premium,24,32,27,329.1481481,12.20777778,2,Front-Wheel Drive,Automatic (S6)
29378,Volkswagen,Touareg,2010,6,Premium,14,19,16,555.4375,20.600625,3.6,All-Wheel Drive,Automatic (S6)
29480,Volkswagen,New Beetle Convertible,2010,5,Regular,20,28,23,386.3913043,14.33086957,2.5,Front-Wheel Drive,Automatic (S6)
2954,Volkswagen,Cabriolet,1987,4,Regular,20,23,21,423.1904762,15.69571429,1.8,Front-Wheel Drive,Automatic 3-spd
2955,Volkswagen,Cabriolet,1987,4,Regular,21,26,23,386.3913043,14.33086957,1.8,Front-Wheel Drive,Manual 5-spd
30288,Volkswagen,Eos,2011,4,Premium,21,31,25,355.48,13.1844,2,Front-Wheel Drive,Manual 6-spd
30301,Volkswagen,Eos,2011,4,Premium,22,30,25,355.48,13.1844,2,Front-Wheel Drive,Automatic (S6)
30307,Volkswagen,GTI,2011,4,Premium,21,31,25,355.48,13.1844,2,Front-Wheel Drive,Manual 6-spd
30308,Volkswagen,CC,2011,4,Premium,21,31,25,355.48,13.1844,2,Front-Wheel Drive,Manual 6-spd
30344,Volkswagen,Jetta,2011,5,Regular,24,31,27,329.1481481,12.20777778,2.5,Front-Wheel Drive,Automatic (S6)
30345,Volkswagen,Golf,2011,5,Regular,24,31,27,329.1481481,12.20777778,2.5,Front-Wheel Drive,Automatic (S6)
30346,Volkswagen,Jetta,2011,5,Regular,23,33,26,341.8076923,12.67730769,2.5,Front-Wheel Drive,Manual 5-spd
30347,Volkswagen,Golf,2011,5,Regular,23,33,26,341.8076923,12.67730769,2.5,Front-Wheel Drive,Manual 5-spd
30348,Volkswagen,CC,2011,4,Premium,22,31,25,355.48,13.1844,2,Front-Wheel Drive,Automatic (S6)
30349,Volkswagen,GTI,2011,4,Premium,24,33,27,329.1481481,12.20777778,2,Front-Wheel Drive,Automatic (S6)
30350,Volkswagen,Jetta,2011,4,Regular,23,29,25,355.48,13.1844,2,Front-Wheel Drive,Automatic (S6)
30351,Volkswagen,Jetta,2011,4,Regular,24,34,28,317.3928571,11.77178571,2,Front-Wheel Drive,Manual 5-spd
30352,Volkswagen,CC 4motion,2011,6,Premium,17,25,20,444.35,16.4805,3.6,All-Wheel Drive,Automatic (S6)
30439,Volkswagen,Jetta SportWagen,2011,5,Regular,24,31,27,329.1481481,12.20777778,2.5,Front-Wheel Drive,Automatic (S6)
30440,Volkswagen,Jetta SportWagen,2011,5,Regular,23,33,26,341.8076923,12.67730769,2.5,Front-Wheel Drive,Manual 5-spd
30536,Volkswagen,Tiguan,2011,4,Premium,20,25,22,403.9545455,14.98227273,2,Front-Wheel Drive,Automatic (S6)
30537,Volkswagen,Tiguan,2011,4,Premium,18,26,21,423.1904762,15.69571429,2,Front-Wheel Drive,Manual 6-spd
30585,Volkswagen,Tiguan 4motion,2011,4,Premium,19,25,21,423.1904762,15.69571429,2,All-Wheel Drive,Automatic (S6)
30833,Volkswagen,Touareg,2011,6,Premium,16,23,19,467.7368421,17.34789474,3.6,All-Wheel Drive,Automatic (S8)
31047,Volkswagen,Routan,2011,6,Gasoline or E85,17,25,20,444.35,16.4805,3.6,Front-Wheel Drive,Automatic 6-spd
31063,Volkswagen,Touareg Hybrid,2011,6,Premium,20,24,21,423.1904762,15.69571429,3,All-Wheel Drive,Automatic (S8)
31173,Volkswagen,Beetle,2012,4,Premium,22,30,25,355.48,13.1844,2,Front-Wheel Drive,Automatic (S6)
31174,Volkswagen,Beetle,2012,5,Regular,22,29,25,355.48,13.1844,2.5,Front-Wheel Drive,Automatic (S6)
31175,Volkswagen,Eos,2012,4,Premium,22,30,25,355.48,13.1844,2,Front-Wheel Drive,Automatic (S6)
31195,Volkswagen,CC,2012,4,Premium,22,31,25,355.48,13.1844,2,Front-Wheel Drive,Automatic (S6)
31196,Volkswagen,CC,2012,4,Premium,21,31,24,370.2916667,13.73375,2,Front-Wheel Drive,Manual 6-spd
31197,Volkswagen,CC 4motion,2012,6,Premium,17,25,20,444.35,16.4805,3.6,All-Wheel Drive,Automatic (S6)
31198,Volkswagen,Golf,2012,5,Regular,24,31,26,341.8076923,12.67730769,2.5,Front-Wheel Drive,Automatic (S6)
31199,Volkswagen,Golf,2012,5,Regular,23,33,26,341.8076923,12.67730769,2.5,Front-Wheel Drive,Manual 5-spd
31200,Volkswagen,GTI,2012,4,Premium,24,33,27,329.1481481,12.20777778,2,Front-Wheel Drive,Automatic (S6)
31201,Volkswagen,GTI,2012,4,Premium,21,31,25,355.48,13.1844,2,Front-Wheel Drive,Manual 6-spd
31202,Volkswagen,Jetta,2012,4,Premium,24,32,27,329.1481481,12.20777778,2,Front-Wheel Drive,Automatic (S6)
31203,Volkswagen,Jetta,2012,4,Premium,22,33,26,341.8076923,12.67730769,2,Front-Wheel Drive,Manual 6-spd
31204,Volkswagen,Jetta,2012,5,Regular,24,31,26,341.8076923,12.67730769,2.5,Front-Wheel Drive,Automatic (S6)
31205,Volkswagen,Jetta,2012,5,Regular,23,33,26,341.8076923,12.67730769,2.5,Front-Wheel Drive,Manual 5-spd
31247,Volkswagen,Jetta SportWagen,2012,5,Regular,24,31,26,341.8076923,12.67730769,2.5,Front-Wheel Drive,Automatic (S6)
31248,Volkswagen,Jetta SportWagen,2012,5,Regular,23,33,26,341.8076923,12.67730769,2.5,Front-Wheel Drive,Manual 5-spd
31463,Volkswagen,Routan,2012,6,Gasoline or E85,17,25,20,444.35,16.4805,3.6,Front-Wheel Drive,Automatic 6-spd
3153,Volkswagen,Fox,1987,4,Regular,23,27,25,355.48,13.1844,1.8,Front-Wheel Drive,Manual 4-spd
3154,Volkswagen,Scirocco,1987,4,Regular,20,23,21,423.1904762,15.69571429,1.8,Front-Wheel Drive,Automatic 3-spd
3155,Volkswagen,Scirocco,1987,4,Regular,21,26,23,386.3913043,14.33086957,1.8,Front-Wheel Drive,Manual 5-spd
3156,Volkswagen,Scirocco 16v,1987,4,Regular,21,26,23,386.3913043,14.33086957,1.8,Front-Wheel Drive,Manual 5-spd
31579,Volkswagen,Jetta,2012,4,Regular,23,29,25,355.48,13.1844,2,Front-Wheel Drive,Automatic (S6)
31580,Volkswagen,Jetta,2012,4,Regular,24,34,28,317.3928571,11.77178571,2,Front-Wheel Drive,Manual 5-spd
31601,Volkswagen,Tiguan,2012,4,Premium,22,26,24,370.2916667,13.73375,2,Front-Wheel Drive,Automatic (S6)
31602,Volkswagen,Tiguan,2012,4,Premium,18,26,21,423.1904762,15.69571429,2,Front-Wheel Drive,Manual 6-spd
31612,Volkswagen,Touareg Hybrid,2012,6,Premium,20,24,21,423.1904762,15.69571429,3,All-Wheel Drive,Automatic (S8)
31613,Volkswagen,Touareg,2012,6,Premium,16,23,19,467.7368421,17.34789474,3.6,All-Wheel Drive,Automatic (S8)
31614,Volkswagen,Tiguan 4motion,2012,4,Premium,21,26,23,386.3913043,14.33086957,2,All-Wheel Drive,Automatic (S6)
31768,Volkswagen,Passat,2012,5,Regular,22,31,25,355.48,13.1844,2.5,Front-Wheel Drive,Automatic (S6)
31769,Volkswagen,Passat,2012,5,Regular,22,32,26,341.8076923,12.67730769,2.5,Front-Wheel Drive,Manual 5-spd
31770,Volkswagen,Passat,2012,6,Premium,20,28,23,386.3913043,14.33086957,3.6,Front-Wheel Drive,Automatic (S6)
32047,Volkswagen,Beetle,2012,4,Premium,21,30,24,370.2916667,13.73375,2,Front-Wheel Drive,Manual 6-spd
32048,Volkswagen,Beetle,2012,5,Regular,22,31,25,355.48,13.1844,2.5,Front-Wheel Drive,Manual 5-spd
32184,Volkswagen,Golf R,2012,4,Premium,19,27,22,403.9545455,14.98227273,2,All-Wheel Drive,Manual 6-spd
32205,Volkswagen,CC,2013,4,Premium,22,31,25,349,13.1844,2,Front-Wheel Drive,Auto(AM-S6)
32206,Volkswagen,CC,2013,6,Premium,17,27,21,429,15.69571429,3.6,Front-Wheel Drive,Automatic (S6)
32207,Volkswagen,CC 4motion,2013,6,Premium,17,25,20,446,16.4805,3.6,All-Wheel Drive,Automatic (S6)
32218,Volkswagen,CC,2013,4,Premium,21,32,25,360,13.1844,2,Front-Wheel Drive,Manual 6-spd
32570,Volkswagen,Eos,2013,4,Premium,22,30,25,354,13.1844,2,Front-Wheel Drive,Auto(AM-S6)
32586,Volkswagen,GTI,2013,4,Premium,24,33,27,331,12.20777778,2,Front-Wheel Drive,Auto(AM-S6)
32587,Volkswagen,Golf R,2013,4,Premium,19,27,22,401,14.98227273,2,All-Wheel Drive,Manual 6-spd
32613,Volkswagen,Jetta,2013,4,Premium,24,32,27,331,12.20777778,2,Front-Wheel Drive,Auto(AM-S6)
32614,Volkswagen,Jetta,2013,4,Premium,22,33,26,344,12.67730769,2,Front-Wheel Drive,Manual 6-spd
32616,Volkswagen,Passat,2013,6,Premium,20,28,23,390,14.33086957,3.6,Front-Wheel Drive,Auto(AM-S6)
32630,Volkswagen,Tiguan,2013,4,Premium,18,26,21,417,15.69571429,2,Front-Wheel Drive,Manual 6-spd
32631,Volkswagen,Tiguan,2013,4,Premium,21,26,23,391,14.33086957,2,Front-Wheel Drive,Automatic (S6)
32633,Volkswagen,Tiguan 4motion,2013,4,Premium,20,26,22,395,14.98227273,2,All-Wheel Drive,Automatic (S6)
32718,Volkswagen,Passat,2013,5,Regular,22,32,26,339,12.67730769,2.5,Front-Wheel Drive,Manual 5-spd
32719,Volkswagen,Passat,2013,5,Regular,22,31,25,351,13.1844,2.5,Front-Wheel Drive,Automatic (S6)
32720,Volkswagen,Jetta,2013,4,Regular,23,29,25,344,13.1844,2,Front-Wheel Drive,Automatic (S6)
32721,Volkswagen,Jetta,2013,4,Regular,24,34,28,316,11.77178571,2,Front-Wheel Drive,Manual 5-spd
32737,Volkswagen,Touareg Hybrid,2013,6,Premium,20,24,21,414,15.69571429,3,All-Wheel Drive,Automatic (S8)
32738,Volkswagen,Touareg,2013,6,Premium,17,23,19,462,17.34789474,3.6,All-Wheel Drive,Automatic (S8)
32776,Volkswagen,Beetle Convertible,2013,4,Premium,21,30,24,371,13.73375,2,Front-Wheel Drive,Manual 6-spd
32786,Volkswagen,Beetle,2013,4,Premium,21,30,24,371,13.73375,2,Front-Wheel Drive,Manual 6-spd
32812,Volkswagen,Routan,2013,6,Gasoline or E85,17,25,20,454,16.4805,3.6,Front-Wheel Drive,Automatic 6-spd
32902,Volkswagen,Beetle Convertible,2013,5,Regular,21,27,23,378,14.33086957,2.5,Front-Wheel Drive,Automatic (S6)
32903,Volkswagen,Beetle Convertible,2013,4,Premium,21,28,24,374,13.73375,2,Front-Wheel Drive,Auto(AM-S6)
32952,Volkswagen,Golf,2013,5,Regular,24,31,26,334,12.67730769,2.5,Front-Wheel Drive,Automatic (S6)
32953,Volkswagen,Beetle,2013,5,Regular,22,29,25,358,13.1844,2.5,Front-Wheel Drive,Automatic (S6)
32954,Volkswagen,Beetle,2013,4,Premium,22,30,25,351,13.1844,2,Front-Wheel Drive,Auto(AM-S6)
32955,Volkswagen,GTI,2013,4,Premium,21,31,25,358,13.1844,2,Front-Wheel Drive,Manual 6-spd
32956,Volkswagen,Golf,2013,5,Regular,23,33,26,335,12.67730769,2.5,Front-Wheel Drive,Manual 5-spd
32957,Volkswagen,Beetle,2013,5,Regular,22,31,25,354,13.1844,2.5,Front-Wheel Drive,Manual 5-spd
32991,Volkswagen,Jetta,2013,5,Regular,24,31,26,334,12.67730769,2.5,Front-Wheel Drive,Automatic (S6)
32992,Volkswagen,Jetta,2013,5,Regular,23,33,26,335,12.67730769,2.5,Front-Wheel Drive,Manual 5-spd
33013,Volkswagen,Jetta SportWagen,2013,5,Regular,24,31,26,334,12.67730769,2.5,Front-Wheel Drive,Automatic (S6)
33014,Volkswagen,Jetta SportWagen,2013,5,Regular,23,33,26,335,12.67730769,2.5,Front-Wheel Drive,Manual 5-spd
3329,Volkswagen,Golf,1987,4,Diesel,31,37,33,308.4848485,11.58136364,1.6,Front-Wheel Drive,Manual 5-spd
3330,Volkswagen,Golf,1987,4,Regular,21,25,22,403.9545455,14.98227273,1.8,Front-Wheel Drive,Automatic 3-spd
3331,Volkswagen,Golf,1987,4,Regular,23,31,26,341.8076923,12.67730769,1.8,Front-Wheel Drive,Manual 5-spd
3332,Volkswagen,GTI 16v,1987,4,Regular,21,26,23,386.3913043,14.33086957,1.8,Front-Wheel Drive,Manual 5-spd
3333,Volkswagen,GTI/Golf GT,1987,4,Regular,21,24,22,403.9545455,14.98227273,1.8,Front-Wheel Drive,Automatic 3-spd
3334,Volkswagen,GTI/Golf GT,1987,4,Regular,23,28,25,355.48,13.1844,1.8,Front-Wheel Drive,Manual 5-spd
3335,Volkswagen,Jetta,1987,4,Regular,21,25,22,403.9545455,14.98227273,1.8,Front-Wheel Drive,Automatic 3-spd
3336,Volkswagen,Jetta,1987,4,Regular,23,31,26,341.8076923,12.67730769,1.8,Front-Wheel Drive,Manual 5-spd
33366,Volkswagen,Jetta Hybrid,2013,4,Premium,41,48,44,200,7.491136364,1.4,Front-Wheel Drive,Auto(AM-S7)
3337,Volkswagen,Jetta GLI 16v,1987,4,Regular,21,26,23,386.3913043,14.33086957,1.8,Front-Wheel Drive,Manual 5-spd
3338,Volkswagen,Jetta GLI/Wolfsburg Edition,1987,4,Regular,21,24,22,403.9545455,14.98227273,1.8,Front-Wheel Drive,Automatic 3-spd
3339,Volkswagen,Jetta GLI/Wolfsburg Edition,1987,4,Regular,23,28,25,355.48,13.1844,1.8,Front-Wheel Drive,Manual 5-spd
3340,Volkswagen,Quantum,1987,5,Regular,16,20,18,493.7222222,18.31166667,2.2,Front-Wheel Drive,Automatic 3-spd
3341,Volkswagen,Quantum,1987,5,Regular,17,22,19,467.7368421,17.34789474,2.2,Front-Wheel Drive,Manual 5-spd
33657,Volkswagen,CC 4motion,2014,6,Premium,17,25,20,446,16.4805,3.6,All-Wheel Drive,Automatic (S6)
33673,Volkswagen,Passat,2014,6,Premium,20,28,23,390,14.33086957,3.6,Front-Wheel Drive,Auto(AM-S6)
33756,Volkswagen,Touareg Hybrid,2014,6,Premium,20,24,21,414,15.69571429,3,All-Wheel Drive,Automatic (S8)
33823,Volkswagen,CC,2014,4,Premium,22,31,25,349,13.1844,2,Front-Wheel Drive,Auto(AM-S6)
33824,Volkswagen,CC,2014,4,Premium,21,32,25,360,13.1844,2,Front-Wheel Drive,Manual 6-spd
33871,Volkswagen,Tiguan,2014,4,Premium,21,26,23,393,14.33086957,2,Front-Wheel Drive,Automatic (S6)
33872,Volkswagen,Tiguan,2014,4,Premium,18,26,21,417,15.69571429,2,Front-Wheel Drive,Manual 6-spd
33917,Volkswagen,Beetle Convertible,2014,4,Premium,23,29,25,357,13.1844,2,Front-Wheel Drive,Auto(AM-S6)
33918,Volkswagen,Eos,2014,4,Premium,22,30,25,354,13.1844,2,Front-Wheel Drive,Auto(AM-S6)
33926,Volkswagen,Beetle,2014,4,Premium,24,30,26,343,12.67730769,2,Front-Wheel Drive,Auto(AM-S6)
33927,Volkswagen,Jetta,2014,4,Regular,26,36,30,303,10.987,1.8,Front-Wheel Drive,Manual 5-spd
33928,Volkswagen,Jetta,2014,4,Regular,25,36,29,308,11.36586207,1.8,Front-Wheel Drive,Automatic (S6)
33929,Volkswagen,Jetta,2014,4,Premium,24,32,27,334,12.20777778,2,Front-Wheel Drive,Auto(AM-S6)
33930,Volkswagen,Jetta,2014,4,Premium,23,33,26,338,12.67730769,2,Front-Wheel Drive,Manual 6-spd
33931,Volkswagen,Jetta,2014,4,Regular,23,29,25,344,13.1844,2,Front-Wheel Drive,Automatic (S6)
33932,Volkswagen,Jetta,2014,4,Regular,24,34,28,316,11.77178571,2,Front-Wheel Drive,Manual 5-spd
33947,Volkswagen,Passat,2014,4,Regular,24,35,28,317,11.77178571,1.8,Front-Wheel Drive,Manual 5-spd
33948,Volkswagen,Passat,2014,4,Regular,24,34,28,323,11.77178571,1.8,Front-Wheel Drive,Automatic (S6)
33949,Volkswagen,Passat,2014,5,Regular,22,31,25,350,13.1844,2.5,Front-Wheel Drive,Automatic (S6)
33950,Volkswagen,Passat,2014,5,Regular,22,32,26,337,12.67730769,2.5,Front-Wheel Drive,Manual 5-spd
33961,Volkswagen,Routan,2014,6,Gasoline or E85,17,25,20,456,16.4805,3.6,Front-Wheel Drive,Automatic 6-spd
33976,Volkswagen,Tiguan 4motion,2014,4,Premium,20,26,22,395,14.98227273,2,All-Wheel Drive,Automatic (S6)
33978,Volkswagen,Touareg,2014,6,Premium,17,23,19,462,17.34789474,3.6,All-Wheel Drive,Automatic (S8)
34045,Volkswagen,Beetle Convertible,2014,5,Regular,21,27,23,378,14.33086957,2.5,Front-Wheel Drive,Automatic (S6)
34069,Volkswagen,Golf,2014,5,Regular,23,30,26,342,12.67730769,2.5,Front-Wheel Drive,Automatic (S6)
34070,Volkswagen,Beetle,2014,5,Regular,22,29,25,358,13.1844,2.5,Front-Wheel Drive,Automatic (S6)
34071,Volkswagen,Beetle,2014,5,Regular,22,31,25,354,13.1844,2.5,Front-Wheel Drive,Manual 5-spd
34104,Volkswagen,Jetta SportWagen,2014,5,Regular,23,30,26,342,12.67730769,2.5,Front-Wheel Drive,Automatic (S6)
34105,Volkswagen,Jetta SportWagen,2014,5,Regular,23,33,26,335,12.67730769,2.5,Front-Wheel Drive,Manual 5-spd
34167,Volkswagen,Jetta Hybrid,2014,4,Premium,41,48,44,200,7.491136364,1.4,Front-Wheel Drive,Auto(AM-S7)
34168,Volkswagen,GTI,2014,4,Premium,24,32,27,333,12.20777778,2,Front-Wheel Drive,Auto(AM-S6)
34169,Volkswagen,GTI,2014,4,Premium,21,31,25,361,13.1844,2,Front-Wheel Drive,Manual 6-spd
34430,Volkswagen,Beetle Convertible,2014,4,Premium,23,31,26,347,12.67730769,2,Front-Wheel Drive,Manual 6-spd
34432,Volkswagen,Beetle,2014,4,Premium,23,31,26,347,12.67730769,2,Front-Wheel Drive,Manual 6-spd
34638,Volkswagen,Beetle Convertible,2014,4,Regular,24,32,27,330,12.20777778,1.8,Front-Wheel Drive,Automatic (S6)
34640,Volkswagen,Beetle,2014,4,Regular,25,32,27,322,12.20777778,1.8,Front-Wheel Drive,Automatic (S6)
34641,Volkswagen,Beetle,2014,4,Regular,24,32,27,329,12.20777778,1.8,Front-Wheel Drive,Manual 5-spd
34825,Volkswagen,GTI,2015,4,Premium,25,33,28,319,11.77178571,2,Front-Wheel Drive,Auto(AM-S6)
34826,Volkswagen,GTI,2015,4,Premium,25,34,28,311,11.77178571,2,Front-Wheel Drive,Manual 6-spd
34952,Volkswagen,Passat,2015,6,Premium,20,28,23,390,14.33086957,3.6,Front-Wheel Drive,Auto(AM-S6)
35292,Volkswagen,Eos,2015,4,Premium,22,30,25,354,13.1844,2,Front-Wheel Drive,Auto(AM-S6)
35299,Volkswagen,CC 4motion,2015,6,Premium,17,25,20,446,16.4805,3.6,All-Wheel Drive,Automatic (S6)
35300,Volkswagen,CC,2015,4,Premium,22,31,25,349,13.1844,2,Front-Wheel Drive,Auto(AM-S6)
35301,Volkswagen,CC,2015,4,Premium,21,32,25,361,13.1844,2,Front-Wheel Drive,Manual 6-spd
35302,Volkswagen,Passat,2015,4,Regular,24,34,28,318,11.77178571,1.8,Front-Wheel Drive,Manual 5-spd
35303,Volkswagen,Passat,2015,4,Diesel,29,40,33,305,11.58136364,2,Front-Wheel Drive,Auto(AM-S6)
35304,Volkswagen,Passat,2015,4,Regular,24,35,28,315,11.77178571,1.8,Front-Wheel Drive,Automatic (S6)
35311,Volkswagen,Tiguan,2015,4,Premium,21,26,23,393,14.33086957,2,Front-Wheel Drive,Automatic (S6)
35314,Volkswagen,Tiguan 4motion,2015,4,Premium,20,26,22,395,14.98227273,2,All-Wheel Drive,Automatic (S6)
35326,Volkswagen,Beetle Convertible,2015,4,Regular,24,32,27,330,12.20777778,1.8,Front-Wheel Drive,Automatic (S6)
35327,Volkswagen,Beetle Convertible,2015,4,Premium,23,29,25,357,13.1844,2,Front-Wheel Drive,Auto(AM-S6)
35328,Volkswagen,Beetle Convertible,2015,4,Premium,23,31,26,347,12.67730769,2,Front-Wheel Drive,Manual 6-spd
35345,Volkswagen,Beetle,2015,4,Regular,24,32,27,329,12.20777778,1.8,Front-Wheel Drive,Manual 5-spd
35346,Volkswagen,Beetle,2015,4,Regular,25,32,27,322,12.20777778,1.8,Front-Wheel Drive,Automatic (S6)
35347,Volkswagen,Beetle,2015,4,Premium,24,30,26,343,12.67730769,2,Front-Wheel Drive,Auto(AM-S6)
35348,Volkswagen,Beetle,2015,4,Premium,23,31,26,347,12.67730769,2,Front-Wheel Drive,Manual 6-spd
35349,Volkswagen,Golf,2015,4,Regular,25,36,29,305,11.36586207,1.8,Front-Wheel Drive,Manual 5-spd
35350,Volkswagen,Jetta,2015,4,Premium,24,32,27,334,12.20777778,2,Front-Wheel Drive,Auto(AM-S6)
35351,Volkswagen,Jetta,2015,4,Premium,23,33,26,338,12.67730769,2,Front-Wheel Drive,Manual 6-spd
35352,Volkswagen,Golf,2015,4,Diesel,31,41,35,292,10.91957143,2,Front-Wheel Drive,Auto(AM-S6)
35353,Volkswagen,Golf,2015,4,Regular,25,35,29,309,11.36586207,1.8,Front-Wheel Drive,Automatic (S6)
35354,Volkswagen,Golf,2015,4,Diesel,30,43,35,292,10.91957143,2,Front-Wheel Drive,Manual 6-spd
35355,Volkswagen,Jetta,2015,4,Diesel,30,44,35,289,10.91957143,2,Front-Wheel Drive,Manual 6-spd
3536,Volkswagen,Fox GL Wagon,1987,4,Regular,23,27,25,355.48,13.1844,1.8,Front-Wheel Drive,Manual 4-spd
35364,Volkswagen,Passat,2015,4,Diesel,30,42,34,299,11.24073529,2,Front-Wheel Drive,Manual 6-spd
3537,Volkswagen,Quantum Syncro Wagon,1987,5,Regular,15,20,17,522.7647059,19.38882353,2.2,4-Wheel or All-Wheel Drive,Manual 5-spd
3538,Volkswagen,Quantum Wagon,1987,5,Regular,16,20,18,493.7222222,18.31166667,2.2,Front-Wheel Drive,Automatic 3-spd
3539,Volkswagen,Quantum Wagon,1987,5,Regular,17,22,19,467.7368421,17.34789474,2.2,Front-Wheel Drive,Manual 5-spd
35433,Volkswagen,Jetta,2015,4,Diesel,31,43,35,287,10.91957143,2,Front-Wheel Drive,Auto(AM-S6)
35484,Volkswagen,Touareg,2015,6,Premium,17,23,19,462,17.34789474,3.6,All-Wheel Drive,Automatic (S8)
35611,Volkswagen,Beetle Convertible,2015,4,Diesel,29,39,33,309,11.58136364,2,Front-Wheel Drive,Manual 6-spd
35612,Volkswagen,Beetle Convertible,2015,4,Diesel,30,38,33,305,11.58136364,2,Front-Wheel Drive,Auto(AM-S6)
35617,Volkswagen,Jetta,2015,4,Regular,25,34,28,313,11.77178571,2,Front-Wheel Drive,Manual 5-spd
35618,Volkswagen,Beetle,2015,4,Diesel,30,39,34,302,11.24073529,2,Front-Wheel Drive,Manual 6-spd
35619,Volkswagen,Beetle,2015,4,Diesel,30,39,34,301,11.24073529,2,Front-Wheel Drive,Auto(AM-S6)
35620,Volkswagen,Jetta,2015,4,Regular,25,36,29,305,11.36586207,1.8,Front-Wheel Drive,Manual 5-spd
35621,Volkswagen,Jetta,2015,4,Regular,25,36,29,302,11.36586207,1.8,Front-Wheel Drive,Automatic (S6)
35622,Volkswagen,Jetta,2015,4,Regular,22,33,26,340,12.67730769,2,Front-Wheel Drive,Automatic (S6)
35673,Volkswagen,Jetta Hybrid,2015,4,Premium,41,48,44,200,7.491136364,1.4,Front-Wheel Drive,Auto(AM-S7)
35731,Volkswagen,Touareg Hybrid,2015,6,Premium,20,24,21,414,15.69571429,3,All-Wheel Drive,Automatic (S8)
35849,Volkswagen,e-Golf,2015,,Electricity,126,105,116,0,0.174,,Front-Wheel Drive,Automatic (A1)
35939,Volkswagen,Golf R,2015,4,Premium,23,30,26,343,12.67730769,2,All-Wheel Drive,Auto(AM-S6)
36102,Volkswagen,Golf SportWagen,2015,4,Diesel,31,40,35,295,10.91957143,2,Front-Wheel Drive,Auto(AM-S6)
36103,Volkswagen,Golf SportWagen,2015,4,Diesel,30,42,35,294,10.91957143,2,Front-Wheel Drive,Manual 6-spd
36104,Volkswagen,Golf SportWagen,2015,4,Regular,25,34,29,310,11.36586207,1.8,Front-Wheel Drive,Automatic (S6)
36105,Volkswagen,Golf SportWagen,2015,4,Regular,25,35,28,313,11.77178571,1.8,Front-Wheel Drive,Manual 5-spd
36401,Volkswagen,Golf R,2016,4,Premium,23,30,25,347,13.1844,2,All-Wheel Drive,Auto(AM-S6)
36402,Volkswagen,Golf R,2016,4,Premium,22,31,25,354,13.1844,2,All-Wheel Drive,Manual 6-spd
36562,Volkswagen,Eos,2016,4,Premium,22,30,25,354,13.1844,2,Front-Wheel Drive,Auto(AM-S6)
36573,Volkswagen,GTI,2016,4,Regular,25,33,28,319,11.77178571,2,Front-Wheel Drive,Auto(AM-S6)
36574,Volkswagen,GTI,2016,4,Regular,25,34,28,311,11.77178571,2,Front-Wheel Drive,Manual 6-spd
36575,Volkswagen,Golf,2016,4,Regular,25,35,29,309,11.36586207,1.8,Front-Wheel Drive,Automatic (S6)
36576,Volkswagen,Golf,2016,4,Regular,25,36,29,305,11.36586207,1.8,Front-Wheel Drive,Manual 5-spd
36577,Volkswagen,CC,2016,4,Premium,22,31,25,349,13.1844,2,Front-Wheel Drive,Auto(AM-S6)
36578,Volkswagen,CC,2016,4,Premium,21,32,25,360,13.1844,2,Front-Wheel Drive,Manual 6-spd
36579,Volkswagen,CC 4motion,2016,6,Regular,17,25,20,446,16.4805,3.6,All-Wheel Drive,Automatic (S6)
36587,Volkswagen,Golf SportWagen,2016,4,Regular,25,34,29,310,11.36586207,1.8,Front-Wheel Drive,Automatic (S6)
36588,Volkswagen,Golf SportWagen,2016,4,Regular,25,35,28,313,11.77178571,1.8,Front-Wheel Drive,Manual 5-spd
36604,Volkswagen,Tiguan,2016,4,Premium,21,26,23,393,14.33086957,2,Front-Wheel Drive,Automatic (S6)
36610,Volkswagen,Tiguan 4motion,2016,4,Premium,20,26,22,395,14.98227273,2,All-Wheel Drive,Automatic (S6)
36646,Volkswagen,Beetle Convertible,2016,4,Regular,24,33,28,320,11.77178571,1.8,Front-Wheel Drive,Automatic (S6)
36647,Volkswagen,Beetle Convertible,2016,4,Regular,23,31,26,343,12.67730769,2,Front-Wheel Drive,Manual 6-spd
36674,Volkswagen,Jetta,2016,4,Regular,25,35,29,307,11.36586207,1.8,Front-Wheel Drive,Automatic (S6)
36675,Volkswagen,Beetle,2016,4,Regular,24,33,28,320,11.77178571,1.8,Front-Wheel Drive,Automatic (S6)
36676,Volkswagen,Beetle,2016,4,Regular,25,33,28,318,11.77178571,1.8,Front-Wheel Drive,Manual 5-spd
36677,Volkswagen,Jetta,2016,4,Regular,24,33,27,327,12.20777778,2,Front-Wheel Drive,Auto(AM-S6)
36678,Volkswagen,Jetta,2016,4,Regular,23,33,27,333,12.20777778,2,Front-Wheel Drive,Manual 6-spd
36679,Volkswagen,Beetle,2016,4,Regular,23,31,26,343,12.67730769,2,Front-Wheel Drive,Manual 6-spd
36722,Volkswagen,Beetle Convertible,2016,4,Regular,23,30,26,343,12.67730769,2,Front-Wheel Drive,Auto(AM-S6)
36741,Volkswagen,Jetta,2016,4,Regular,25,36,29,307,11.36586207,1.8,Front-Wheel Drive,Manual 5-spd
36785,Volkswagen,Touareg,2016,6,Regular,17,23,19,462,17.34789474,3.6,All-Wheel Drive,Automatic (S8)
36821,Volkswagen,Jetta Hybrid,2016,4,Premium,42,48,44,200,7.491136364,1.4,Front-Wheel Drive,Auto(AM-S7)
36822,Volkswagen,Jetta,2016,4,Regular,28,39,32,284,10.3003125,1.4,Front-Wheel Drive,Automatic (S6)
36834,Volkswagen,e-Golf,2016,,Electricity,126,105,116,0,0.174,,Front-Wheel Drive,Automatic (A1)
36897,Volkswagen,Beetle,2016,4,Regular,24,31,26,336,12.67730769,2,Front-Wheel Drive,Auto(AM-S6)
36962,Volkswagen,Passat,2016,6,Regular,20,28,23,390,14.33086957,3.6,Front-Wheel Drive,Auto(AM-S6)
36963,Volkswagen,Passat,2016,4,Regular,25,36,29,306,11.36586207,1.8,Front-Wheel Drive,Automatic (S6)
37074,Volkswagen,Jetta,2016,4,Regular,28,40,33,276,9.988181818,1.4,Front-Wheel Drive,Manual 5-spd
37467,Volkswagen,Beetle Dune,2016,4,Regular,24,31,27,329,12.20777778,1.8,Front-Wheel Drive,Automatic (S6)
37670,Volkswagen,Tiguan,2017,4,Premium,20,24,22,412,14.98227273,2,Front-Wheel Drive,Automatic (S6)
37725,Volkswagen,Passat,2017,6,Regular,20,28,23,390,14.33086957,3.6,Front-Wheel Drive,Auto(AM-S6)
37726,Volkswagen,Passat,2017,4,Regular,23,34,27,329,12.20777778,1.8,Front-Wheel Drive,Automatic (S6)
37792,Volkswagen,Tiguan 4motion,2017,4,Premium,20,24,21,421,15.69571429,2,All-Wheel Drive,Automatic (S6)
37797,Volkswagen,Touareg,2017,6,Regular,17,23,19,462,17.34789474,3.6,All-Wheel Drive,Automatic (S8)
37915,Volkswagen,Golf R,2017,4,Premium,23,30,25,347,13.1844,2,All-Wheel Drive,Auto(AM-S6)
37916,Volkswagen,Golf R,2017,4,Premium,22,31,25,354,13.1844,2,All-Wheel Drive,Manual 6-spd
37917,Volkswagen,Jetta,2017,4,Regular,28,38,32,282,10.3003125,1.4,Front-Wheel Drive,Automatic (S6)
37918,Volkswagen,Jetta,2017,4,Regular,28,40,33,271,9.988181818,1.4,Front-Wheel Drive,Manual 5-spd
37972,Volkswagen,GTI,2017,4,Regular,24,32,27,325,12.20777778,2,Front-Wheel Drive,Auto(AM-S6)
37973,Volkswagen,GTI,2017,4,Regular,24,34,28,319,11.77178571,2,Front-Wheel Drive,Manual 6-spd
37974,Volkswagen,Jetta,2017,4,Regular,24,33,27,326,12.20777778,2,Front-Wheel Drive,Auto(AM-S6)
37975,Volkswagen,Jetta,2017,4,Regular,23,33,27,335,12.20777778,2,Front-Wheel Drive,Manual 6-spd
37976,Volkswagen,Jetta,2017,4,Regular,25,35,29,311,11.36586207,1.8,Front-Wheel Drive,Automatic (S6)
37977,Volkswagen,Golf,2017,4,Regular,25,35,29,309,11.36586207,1.8,Front-Wheel Drive,Automatic (S6)
37978,Volkswagen,Golf,2017,4,Regular,25,36,29,305,11.36586207,1.8,Front-Wheel Drive,Manual 5-spd
37982,Volkswagen,Golf SportWagen,2017,4,Regular,25,34,29,309,11.36586207,1.8,Front-Wheel Drive,Automatic (S6)
37983,Volkswagen,Golf SportWagen,2017,4,Regular,25,35,28,313,11.77178571,1.8,Front-Wheel Drive,Manual 5-spd
38058,Volkswagen,CC,2017,4,Premium,22,31,25,349,13.1844,2,Front-Wheel Drive,Auto(AM-S6)
38148,Volkswagen,CC 4motion,2017,6,Regular,17,25,20,446,16.4805,3.6,All-Wheel Drive,Automatic (S6)
38234,Volkswagen,Beetle Convertible,2017,4,Regular,24,33,28,322,11.77178571,1.8,Front-Wheel Drive,Automatic (S6)
38235,Volkswagen,Beetle Dune Convertible,2017,4,Regular,24,31,27,331,12.20777778,1.8,Front-Wheel Drive,Automatic (S6)
38241,Volkswagen,Beetle,2017,4,Regular,23,29,26,349,12.67730769,2,Front-Wheel Drive,Auto(AM-S6)
38242,Volkswagen,Beetle,2017,4,Regular,24,33,28,322,11.77178571,1.8,Front-Wheel Drive,Automatic (S6)
38243,Volkswagen,Beetle Dune,2017,4,Regular,24,31,27,331,12.20777778,1.8,Front-Wheel Drive,Automatic (S6)
38259,Volkswagen,Golf Alltrack,2017,4,Regular,22,30,25,354,13.1844,1.8,All-Wheel Drive,Auto(AM-S6)
38260,Volkswagen,Golf SportWagen 4motion,2017,4,Regular,22,30,25,354,13.1844,1.8,All-Wheel Drive,Auto(AM-S6)
38492,Volkswagen,Beetle Dune Convertible,2016,4,Regular,24,31,27,325,12.20777778,1.8,Front-Wheel Drive,Automatic (S6)
38521,Volkswagen,Golf Alltrack,2017,4,Regular,22,32,26,347,12.67730769,1.8,All-Wheel Drive,Manual 6-spd
38522,Volkswagen,Golf SportWagen 4motion,2017,4,Regular,22,32,26,347,12.67730769,1.8,All-Wheel Drive,Manual 6-spd
38549,Volkswagen,e-Golf,2017,,Electricity,126,111,119,0,0.168,,Front-Wheel Drive,Automatic (A1)
3965,Volkswagen,Vanagon Syncro 4WD,1987,4,Regular,14,14,14,634.7857143,23.54357143,2.1,4-Wheel or All-Wheel Drive,Manual 5-spd
3966,Volkswagen,Vanagon/Camper 2WD,1987,4,Regular,13,15,14,634.7857143,23.54357143,2.1,Rear-Wheel Drive,Automatic 3-spd
3967,Volkswagen,Vanagon/Camper 2WD,1987,4,Regular,15,17,15,592.4666667,21.974,2.1,Rear-Wheel Drive,Manual 4-spd
399,Volkswagen,Golf/GTI,1985,4,Diesel,31,41,35,290.8571429,10.91957143,1.6,Front-Wheel Drive,Manual 5-spd
400,Volkswagen,Golf/GTI,1985,4,Regular,21,25,23,386.3913043,14.33086957,1.8,Front-Wheel Drive,Automatic 3-spd
401,Volkswagen,Golf/GTI,1985,4,Regular,23,29,25,355.48,13.1844,1.8,Front-Wheel Drive,Manual 5-spd
402,Volkswagen,Golf/GTI,1985,4,Regular,23,31,26,341.8076923,12.67730769,1.8,Front-Wheel Drive,Manual 5-spd
403,Volkswagen,Jetta,1985,4,Diesel,31,38,34,299.4117647,11.24073529,1.6,Front-Wheel Drive,Manual 5-spd
404,Volkswagen,Jetta,1985,4,Diesel,31,41,35,290.8571429,10.91957143,1.6,Front-Wheel Drive,Manual 5-spd
405,Volkswagen,Jetta,1985,4,Regular,21,25,23,386.3913043,14.33086957,1.8,Front-Wheel Drive,Automatic 3-spd
406,Volkswagen,Jetta,1985,4,Regular,21,24,22,403.9545455,14.98227273,1.8,Front-Wheel Drive,Automatic 3-spd
407,Volkswagen,Jetta,1985,4,Regular,23,31,26,341.8076923,12.67730769,1.8,Front-Wheel Drive,Manual 5-spd
408,Volkswagen,Jetta,1985,4,Regular,23,29,25,355.48,13.1844,1.8,Front-Wheel Drive,Manual 5-spd
409,Volkswagen,Quantum,1985,4,Diesel,28,35,31,328.3870968,12.32854839,1.6,Front-Wheel Drive,Manual 5-spd
410,Volkswagen,Quantum,1985,5,Regular,16,20,18,493.7222222,18.31166667,2.2,Front-Wheel Drive,Automatic 3-spd
411,Volkswagen,Quantum,1985,5,Regular,17,22,19,467.7368421,17.34789474,2.2,Front-Wheel Drive,Manual 5-spd
4181,Volkswagen,Cabriolet,1988,4,Regular,19,22,20,444.35,16.4805,1.8,Front-Wheel Drive,Automatic 3-spd
4182,Volkswagen,Cabriolet,1988,4,Regular,21,25,23,386.3913043,14.33086957,1.8,Front-Wheel Drive,Manual 5-spd
4355,Volkswagen,Fox,1988,4,Regular,22,27,24,370.2916667,13.73375,1.8,Front-Wheel Drive,Manual 4-spd
4356,Volkswagen,Fox,1988,4,Regular,21,26,23,386.3913043,14.33086957,1.8,Front-Wheel Drive,Manual 5-spd
4357,Volkswagen,Scirocco 16v,1988,4,Regular,19,26,22,403.9545455,14.98227273,1.8,Front-Wheel Drive,Manual 5-spd
45,Volkswagen,Cabriolet,1985,4,Regular,20,23,21,423.1904762,15.69571429,1.8,Front-Wheel Drive,Automatic 3-spd
4517,Volkswagen,Golf,1988,4,Regular,21,26,23,386.3913043,14.33086957,1.8,Front-Wheel Drive,Automatic 3-spd
4518,Volkswagen,Golf,1988,4,Regular,22,30,25,355.48,13.1844,1.8,Front-Wheel Drive,Manual 5-spd
4519,Volkswagen,GTI 16v,1988,4,Regular,19,26,22,403.9545455,14.98227273,1.8,Front-Wheel Drive,Manual 5-spd
4520,Volkswagen,Jetta,1988,4,Regular,21,26,23,386.3913043,14.33086957,1.8,Front-Wheel Drive,Automatic 3-spd
4521,Volkswagen,Jetta,1988,4,Regular,22,31,25,355.48,13.1844,1.8,Front-Wheel Drive,Manual 5-spd
4522,Volkswagen,Jetta GLI 16v,1988,4,Regular,19,26,22,403.9545455,14.98227273,1.8,Front-Wheel Drive,Manual 5-spd
4523,Volkswagen,Quantum,1988,5,Regular,16,20,18,493.7222222,18.31166667,2.2,Front-Wheel Drive,Automatic 3-spd
4524,Volkswagen,Quantum,1988,5,Regular,17,22,19,467.7368421,17.34789474,2.2,Front-Wheel Drive,Manual 5-spd
46,Volkswagen,Cabriolet,1985,4,Regular,21,26,23,386.3913043,14.33086957,1.8,Front-Wheel Drive,Manual 5-spd
4712,Volkswagen,Fox Wagon,1988,4,Regular,22,27,24,370.2916667,13.73375,1.8,Front-Wheel Drive,Manual 4-spd
4713,Volkswagen,Quantum Syncro Wagon,1988,5,Regular,15,20,17,522.7647059,19.38882353,2.2,4-Wheel or All-Wheel Drive,Manual 5-spd
4714,Volkswagen,Quantum Wagon,1988,5,Regular,16,20,18,493.7222222,18.31166667,2.2,Front-Wheel Drive,Automatic 3-spd
4715,Volkswagen,Quantum Wagon,1988,5,Regular,17,22,19,467.7368421,17.34789474,2.2,Front-Wheel Drive,Manual 5-spd
5118,Volkswagen,Vanagon Syncro 4WD,1988,4,Regular,14,15,14,634.7857143,23.54357143,2.1,4-Wheel or All-Wheel Drive,Manual 5-spd
5119,Volkswagen,Vanagon/Camper 2WD,1988,4,Regular,14,16,15,592.4666667,21.974,2.1,Rear-Wheel Drive,Automatic 3-spd
5120,Volkswagen,Vanagon/Camper 2WD,1988,4,Regular,16,18,16,555.4375,20.600625,2.1,Rear-Wheel Drive,Manual 4-spd
5301,Volkswagen,Cabriolet,1989,4,Regular,19,22,20,444.35,16.4805,1.8,Front-Wheel Drive,Automatic 3-spd
5302,Volkswagen,Cabriolet,1989,4,Regular,21,25,23,386.3913043,14.33086957,1.8,Front-Wheel Drive,Manual 5-spd
5495,Volkswagen,Fox,1989,4,Regular,22,27,24,370.2916667,13.73375,1.8,Front-Wheel Drive,Manual 4-spd
5496,Volkswagen,Fox,1989,4,Regular,21,26,23,386.3913043,14.33086957,1.8,Front-Wheel Drive,Manual 5-spd
5640,Volkswagen,Golf,1989,4,Diesel,31,39,34,299.4117647,11.24073529,1.6,Front-Wheel Drive,Manual 5-spd
5641,Volkswagen,Golf,1989,4,Regular,20,26,22,403.9545455,14.98227273,1.8,Front-Wheel Drive,Automatic 3-spd
5642,Volkswagen,Golf,1989,4,Regular,22,31,25,355.48,13.1844,1.8,Front-Wheel Drive,Manual 5-spd
5643,Volkswagen,GTI 16v,1989,4,Regular,19,26,22,403.9545455,14.98227273,1.8,Front-Wheel Drive,Manual 5-spd
5644,Volkswagen,Jetta,1989,4,Diesel,31,39,34,299.4117647,11.24073529,1.6,Front-Wheel Drive,Manual 5-spd
5645,Volkswagen,Jetta,1989,4,Regular,20,26,22,403.9545455,14.98227273,1.8,Front-Wheel Drive,Automatic 3-spd
5646,Volkswagen,Jetta,1989,4,Regular,22,31,25,355.48,13.1844,1.8,Front-Wheel Drive,Manual 5-spd
5647,Volkswagen,Jetta GLI 16v,1989,4,Regular,19,26,22,403.9545455,14.98227273,1.8,Front-Wheel Drive,Manual 5-spd
5861,Volkswagen,Fox Wagon,1989,4,Regular,22,27,24,370.2916667,13.73375,1.8,Front-Wheel Drive,Manual 4-spd
6246,Volkswagen,Vanagon Syncro 4WD,1989,4,Regular,14,15,14,634.7857143,23.54357143,2.1,4-Wheel or All-Wheel Drive,Manual 5-spd
6247,Volkswagen,Vanagon/Camper 2WD,1989,4,Regular,15,16,15,592.4666667,21.974,2.1,Rear-Wheel Drive,Automatic 3-spd
6248,Volkswagen,Vanagon/Camper 2WD,1989,4,Regular,16,18,17,522.7647059,19.38882353,2.1,Rear-Wheel Drive,Manual 4-spd
628,Volkswagen,Quantum Syncro Wagon,1985,5,Regular,15,20,17,522.7647059,19.38882353,2.2,4-Wheel or All-Wheel Drive,Manual 5-spd
629,Volkswagen,Quantum Wagon,1985,4,Diesel,28,35,31,328.3870968,12.32854839,1.6,Front-Wheel Drive,Manual 5-spd
630,Volkswagen,Quantum Wagon,1985,4,Regular,19,23,21,423.1904762,15.69571429,1.8,Front-Wheel Drive,Automatic 3-spd
631,Volkswagen,Quantum Wagon,1985,4,Regular,22,29,25,355.48,13.1844,1.8,Front-Wheel Drive,Manual 5-spd
6440,Volkswagen,Cabriolet,1990,4,Regular,21,26,23,386.3913043,14.33086957,1.8,Front-Wheel Drive,Automatic 3-spd
6441,Volkswagen,Cabriolet,1990,4,Regular,22,29,25,355.48,13.1844,1.8,Front-Wheel Drive,Manual 5-spd
6632,Volkswagen,Corrado,1990,4,Regular,18,26,21,423.1904762,15.69571429,1.8,Front-Wheel Drive,Manual 5-spd
6633,Volkswagen,Fox,1990,4,Regular,22,27,24,370.2916667,13.73375,1.8,Front-Wheel Drive,Manual 4-spd
6634,Volkswagen,Fox,1990,4,Regular,21,26,23,386.3913043,14.33086957,1.8,Front-Wheel Drive,Manual 5-spd
6769,Volkswagen,Golf/GTI,1990,4,Regular,21,26,23,386.3913043,14.33086957,1.8,Front-Wheel Drive,Automatic 3-spd
6770,Volkswagen,Golf/GTI,1990,4,Regular,22,29,25,355.48,13.1844,1.8,Front-Wheel Drive,Manual 5-spd
6771,Volkswagen,GTI 16v,1990,4,Regular,19,26,22,403.9545455,14.98227273,2,Front-Wheel Drive,Manual 5-spd
6772,Volkswagen,Jetta,1990,4,Diesel,31,39,34,299.4117647,11.24073529,1.6,Front-Wheel Drive,Manual 5-spd
6773,Volkswagen,Jetta,1990,4,Regular,21,26,23,386.3913043,14.33086957,1.8,Front-Wheel Drive,Automatic 3-spd
6774,Volkswagen,Jetta,1990,4,Regular,22,29,25,355.48,13.1844,1.8,Front-Wheel Drive,Manual 5-spd
6775,Volkswagen,Jetta GLI 16v,1990,4,Regular,19,26,22,403.9545455,14.98227273,2,Front-Wheel Drive,Manual 5-spd
6871,Volkswagen,Passat,1990,4,Regular,18,26,21,423.1904762,15.69571429,2,Front-Wheel Drive,Automatic 4-spd
6872,Volkswagen,Passat,1990,4,Regular,18,27,21,423.1904762,15.69571429,2,Front-Wheel Drive,Manual 5-spd
6943,Volkswagen,Fox Wagon,1990,4,Regular,22,27,24,370.2916667,13.73375,1.8,Front-Wheel Drive,Manual 4-spd
6967,Volkswagen,Passat Wagon,1990,4,Regular,18,26,21,423.1904762,15.69571429,2,Front-Wheel Drive,Automatic 4-spd
6968,Volkswagen,Passat Wagon,1990,4,Regular,18,27,21,423.1904762,15.69571429,2,Front-Wheel Drive,Manual 5-spd
7302,Volkswagen,Vanagon Syncro 4WD,1990,4,Regular,14,15,14,634.7857143,23.54357143,2.1,4-Wheel or All-Wheel Drive,Manual 5-spd
7303,Volkswagen,Vanagon/Camper 2WD,1990,4,Regular,15,16,15,592.4666667,21.974,2.1,Rear-Wheel Drive,Automatic 3-spd
7304,Volkswagen,Vanagon/Camper 2WD,1990,4,Regular,16,18,17,522.7647059,19.38882353,2.1,Rear-Wheel Drive,Manual 4-spd
7516,Volkswagen,Cabriolet,1991,4,Regular,21,26,23,386.3913043,14.33086957,1.8,Front-Wheel Drive,Automatic 3-spd
7517,Volkswagen,Cabriolet,1991,4,Regular,22,29,25,355.48,13.1844,1.8,Front-Wheel Drive,Manual 5-spd
7735,Volkswagen,Corrado,1991,4,Regular,17,24,20,444.35,16.4805,1.8,Front-Wheel Drive,Automatic 4-spd
7736,Volkswagen,Corrado,1991,4,Regular,18,26,21,423.1904762,15.69571429,1.8,Front-Wheel Drive,Manual 5-spd
7737,Volkswagen,Fox,1991,4,Regular,22,29,25,355.48,13.1844,1.8,Front-Wheel Drive,Manual 4-spd
7738,Volkswagen,Fox,1991,4,Regular,22,30,25,355.48,13.1844,1.8,Front-Wheel Drive,Manual 5-spd
7893,Volkswagen,Golf/GTI,1991,4,Regular,21,26,23,386.3913043,14.33086957,1.8,Front-Wheel Drive,Automatic 3-spd
7894,Volkswagen,Golf/GTI,1991,4,Regular,22,29,25,355.48,13.1844,1.8,Front-Wheel Drive,Manual 5-spd
7895,Volkswagen,GTI 16v,1991,4,Regular,19,26,22,403.9545455,14.98227273,2,Front-Wheel Drive,Manual 5-spd
7896,Volkswagen,Jetta,1991,4,Diesel,31,39,34,299.4117647,11.24073529,1.6,Front-Wheel Drive,Manual 5-spd
7897,Volkswagen,Jetta,1991,4,Diesel,31,36,33,308.4848485,11.58136364,1.6,Front-Wheel Drive,Manual 5-spd
7898,Volkswagen,Jetta,1991,4,Regular,21,26,23,386.3913043,14.33086957,1.8,Front-Wheel Drive,Automatic 3-spd
7899,Volkswagen,Jetta,1991,4,Regular,22,29,25,355.48,13.1844,1.8,Front-Wheel Drive,Manual 5-spd
7900,Volkswagen,Jetta GLI 16v,1991,4,Regular,19,26,22,403.9545455,14.98227273,2,Front-Wheel Drive,Manual 5-spd
8005,Volkswagen,Passat,1991,4,Regular,18,26,21,423.1904762,15.69571429,2,Front-Wheel Drive,Automatic 4-spd
8006,Volkswagen,Passat,1991,4,Regular,18,27,21,423.1904762,15.69571429,2,Front-Wheel Drive,Manual 5-spd
8092,Volkswagen,Passat Wagon,1991,4,Regular,18,26,21,423.1904762,15.69571429,2,Front-Wheel Drive,Automatic 4-spd
8093,Volkswagen,Passat Wagon,1991,4,Regular,18,27,21,423.1904762,15.69571429,2,Front-Wheel Drive,Manual 5-spd
8421,Volkswagen,Vanagon Syncro 4WD,1991,4,Regular,14,15,14,634.7857143,23.54357143,2.1,4-Wheel or All-Wheel Drive,Manual 5-spd
8422,Volkswagen,Vanagon/Camper 2WD,1991,4,Regular,15,16,15,592.4666667,21.974,2.1,Rear-Wheel Drive,Automatic 3-spd
8423,Volkswagen,Vanagon/Camper 2WD,1991,4,Regular,16,18,17,522.7647059,19.38882353,2.1,Rear-Wheel Drive,Manual 4-spd
8617,Volkswagen,Cabriolet,1992,4,Regular,21,26,23,386.3913043,14.33086957,1.8,Front-Wheel Drive,Automatic 3-spd
8618,Volkswagen,Cabriolet,1992,4,Regular,22,29,25,355.48,13.1844,1.8,Front-Wheel Drive,Manual 5-spd
8824,Volkswagen,Corrado,1992,4,Regular,17,25,20,444.35,16.4805,1.8,Front-Wheel Drive,Automatic 4-spd
8825,Volkswagen,Corrado,1992,4,Regular,18,26,21,423.1904762,15.69571429,1.8,Front-Wheel Drive,Manual 5-spd
8826,Volkswagen,Corrado SLC,1992,6,Regular,15,21,17,522.7647059,19.38882353,2.8,Front-Wheel Drive,Automatic 4-spd
8827,Volkswagen,Corrado SLC,1992,6,Regular,16,23,19,467.7368421,17.34789474,2.8,Front-Wheel Drive,Manual 5-spd
8828,Volkswagen,Fox,1992,4,Regular,22,29,25,355.48,13.1844,1.8,Front-Wheel Drive,Manual 4-spd
8829,Volkswagen,Fox,1992,4,Regular,22,30,25,355.48,13.1844,1.8,Front-Wheel Drive,Manual 5-spd
8975,Volkswagen,Golf/GTI,1992,4,Regular,21,26,23,386.3913043,14.33086957,1.8,Front-Wheel Drive,Automatic 3-spd
8976,Volkswagen,Golf/GTI,1992,4,Regular,22,29,25,355.48,13.1844,1.8,Front-Wheel Drive,Manual 5-spd
8977,Volkswagen,GTI 16v,1992,4,Regular,18,26,21,423.1904762,15.69571429,2,Front-Wheel Drive,Manual 5-spd
8978,Volkswagen,Jetta,1992,4,Diesel,31,36,33,308.4848485,11.58136364,1.6,Front-Wheel Drive,Manual 5-spd
8979,Volkswagen,Jetta,1992,4,Regular,21,26,23,386.3913043,14.33086957,1.8,Front-Wheel Drive,Automatic 3-spd
8980,Volkswagen,Jetta,1992,4,Regular,22,29,25,355.48,13.1844,1.8,Front-Wheel Drive,Manual 5-spd
8981,Volkswagen,Jetta GLI 16v,1992,4,Regular,18,26,21,423.1904762,15.69571429,2,Front-Wheel Drive,Manual 5-spd
9077,Volkswagen,Passat,1992,4,Regular,18,26,21,423.1904762,15.69571429,2,Front-Wheel Drive,Automatic 4-spd
9078,Volkswagen,Passat,1992,4,Regular,18,28,22,403.9545455,14.98227273,2,Front-Wheel Drive,Manual 5-spd
9179,Volkswagen,Passat Wagon,1992,4,Regular,18,26,21,423.1904762,15.69571429,2,Front-Wheel Drive,Automatic 4-spd
9180,Volkswagen,Passat Wagon,1992,4,Regular,18,28,22,403.9545455,14.98227273,2,Front-Wheel Drive,Manual 5-spd
9689,Volkswagen,Cabriolet,1993,4,Regular,21,24,22,403.9545455,14.98227273,1.8,Front-Wheel Drive,Automatic 3-spd
9690,Volkswagen,Cabriolet,1993,4,Regular,21,27,24,370.2916667,13.73375,1.8,Front-Wheel Drive,Manual 5-spd
9874,Volkswagen,Corrado SLC,1993,6,Regular,15,21,17,522.7647059,19.38882353,2.8,Front-Wheel Drive,Automatic 4-spd
9875,Volkswagen,Corrado SLC,1993,6,Regular,16,23,19,467.7368421,17.34789474,2.8,Front-Wheel Drive,Manual 5-spd
9876,Volkswagen,Fox,1993,4,Regular,22,30,25,355.48,13.1844,1.8,Front-Wheel Drive,Manual 5-spd
